(19, 123) -1 -1 -1 
(19, 124) -1 -1 -1 
(20, 112) -1 -1 -1 
(20, 116) -1 -1 -1 
(20, 117) -1 -1 -1 
(20, 120) -1 -1 -1 
(20, 121) -1 -1 -1 
(20, 122) -1 -1 -1 
(20, 123) -1 -1 -1 
(20, 124) -1 -1 -1 
(20, 139) -1 -1 -1 
(21, 104) 1 1 1 
(21, 105) 1 1 1 
(21, 107) 1 1 1 
(21, 115) 1 1 1 
(21, 116) 1 1 1 
(21, 117) 1 1 1 
(21, 118) 1 1 1 
(21, 119) 1 1 1 
(21, 120) -1 -1 -1 
(21, 124) 1 1 1 
(21, 125) 1 1 1 
(21, 130) -1 -1 -1 
(21, 131) -1 -1 -1 
(21, 133) -1 -1 -1 
(21, 146) 1 1 1 
(22, 100) -1 -1 -1 
(22, 102) -1 -1 -1 
(22, 108) -1 -1 -1 
(22, 110) -1 -1 -1 
(22, 111) -1 -1 -1 
(22, 112) -1 -1 -1 
(22, 114) -1 -1 -1 
(22, 115) -1 -1 -1 
(22, 121) -1 -1 -1 
(22, 122) 1 1 1 
(22, 133) 1 1 1 
(22, 134) -1 -1 -1 
(22, 141) -1 -1 -1 
(23, 98) -1 -1 -1 
(23, 100) -1 -1 -1 
(23, 101) -1 -1 -1 
(23, 109) -1 -1 -1 
(23, 113) 1 1 1 
(23, 115) 1 1 1 
(23, 121) 1 1 1 
(23, 128) 1 1 1 
(23, 147) -1 -1 -1 
(24, 104) 1 1 1 
(24, 106) -1 -1 -1 
(24, 113) -1 -1 -1 
(24, 115) 1 1 1 
(24, 117) -1 -1 -1 
(24, 124) 1 1 1 
(25, 105) -1 -1 -1 
(25, 106) -1 -1 -1 
(25, 113) -1 -1 -1 
(25, 114) 1 1 1 
(25, 121) 1 1 1 
(25, 122) 1 1 1 
(25, 124) 1 1 1 
(25, 127) 1 1 1 
(25, 156) 1 1 1 
(26, 88) -1 -1 -1 
(26, 89) -1 -1 -1 
(26, 90) 1 1 1 
(26, 95) 1 1 1 
(26, 96) 1 1 1 
(26, 100) 1 1 1 
(26, 109) -1 -1 -1 
(26, 111) 1 1 1 
(26, 117) 1 1 1 
(26, 118) -1 -1 -1 
(26, 119) -1 -1 -1 
(26, 121) -1 -1 -1 
(26, 124) -1 -1 -1 
(26, 125) -1 -1 -1 
(27, 86) -1 -1 -1 
(27, 92) 1 1 1 
(27, 93) 1 1 1 
(27, 97) -1 -1 -1 
(27, 101) 1 1 1 
(27, 106) -1 -1 -1 
(27, 109) 1 1 1 
(27, 112) -1 -1 -1 
(27, 114) 1 1 1 
(27, 117) -1 -1 -1 
(27, 121) 1 1 1 
(27, 162) 1 1 1 
(28, 93) 1 1 1 
(28, 94) 1 1 1 
(28, 97) -1 -1 -1 
(28, 98) 1 1 1 
(28, 99) 1 1 1 
(28, 100) -1 -1 -1 
(28, 104) -1 -1 -1 
(28, 115) -1 -1 -1 
(28, 118) -1 -1 -1 
(29, 83) 1 1 1 
(29, 91) 1 1 1 
(29, 93) 1 1 1 
(29, 94) 1 1 1 
(29, 95) -1 -1 -1 
(29, 99) -1 -1 -1 
(29, 102) 1 1 1 
(29, 104) -1 -1 -1 
(29, 109) 1 1 1 
(29, 114) -1 -1 -1 
(29, 115) 1 1 1 
(29, 117) 1 1 1 
(30, 80) -1 -1 -1 
(30, 87) 1 1 1 
(30, 91) -1 -1 -1 
(30, 104) -1 -1 -1 
(30, 106) -1 -1 -1 
(30, 112) 1 1 1 
(30, 114) 1 1 1 
(31, 80) 1 1 1 
(31, 84) -1 -1 -1 
(31, 94) -1 -1 -1 
(31, 96) 1 1 1 
(31, 99) 1 1 1 
(31, 101) -1 -1 -1 
(31, 102) 1 1 1 
(31, 103) -1 -1 -1 
(31, 105) -1 -1 -1 
(31, 106) 1 1 1 
(31, 169) -1 -1 -1 
(32, 78) -1 -1 -1 
(32, 88) -1 -1 -1 
(32, 92) -1 -1 -1 
(32, 95) -1 -1 -1 
(32, 97) 1 1 1 
(32, 101) -1 -1 -1 
(33, 85) 1 1 1 
(33, 88) 1 1 1 
(33, 94) -1 -1 -1 
(33, 96) 1 1 1 
(33, 99) 1 1 1 
(33, 102) 1 1 1 
(33, 105) -1 -1 -1 
(34, 86) 1 1 1 
(34, 87) 1 1 1 
(34, 89) -1 -1 -1 
(34, 90) -1 -1 -1 
(34, 95) 1 1 1 
(34, 98) -1 -1 -1 
(34, 99) -1 -1 -1 
(34, 102) -1 -1 -1 
(35, 79) 1 1 1 
(35, 80) 1 1 1 
(35, 82) 1 1 1 
(35, 83) -1 -1 -1 
(35, 89) 1 1 1 
(35, 92) -1 -1 -1 
(35, 93) -1 -1 -1 
(35, 96) 1 1 1 
(35, 101) 1 1 1 
(35, 107) 1 1 1 
(35, 175) -1 -1 -1 
(36, 81) -1 -1 -1 
(36, 82) 1 1 1 
(36, 85) 1 1 1 
(36, 89) -1 -1 -1 
(36, 90) -1 -1 -1 
(36, 98) -1 -1 -1 
(36, 99) -1 -1 -1 
(36, 104) 1 1 1 
(36, 105) -1 -1 -1 
(36, 107) 1 1 1 
(37, 79) 1 1 1 
(37, 86) 1 1 1 
(37, 88) -1 -1 -1 
(37, 93) -1 -1 -1 
(37, 95) 1 1 1 
(37, 96) 1 1 1 
(37, 98) -1 -1 -1 
(37, 99) -1 -1 -1 
(37, 104) 1 1 1 
(37, 106) 1 1 1 
(37, 107) -1 -1 -1 
(37, 109) -1 -1 -1 
(38, 76) 1 1 1 
(38, 78) 1 1 1 
(38, 80) -1 -1 -1 
(38, 82) 1 1 1 
(38, 86) -1 -1 -1 
(38, 89) -1 -1 -1 
(38, 90) -1 -1 -1 
(38, 92) 1 1 1 
(38, 96) 1 1 1 
(38, 101) 1 1 1 
(38, 102) -1 -1 -1 
(38, 109) -1 -1 -1 
(38, 177) 1 1 1 
(39, 70) -1 -1 -1 
(39, 76) -1 -1 -1 
(39, 81) 1 1 1 
(39, 82) -1 -1 -1 
(39, 86) 1 1 1 
(39, 96) 1 1 1 
(39, 98) -1 -1 -1 
(39, 101) 1 1 1 
(39, 103) 1 1 1 
(39, 104) 1 1 1 
(39, 108) -1 -1 -1 
(40, 70) 1 1 1 
(40, 77) 1 1 1 
(40, 80) -1 -1 -1 
(40, 85) 1 1 1 
(40, 87) 1 1 1 
(40, 89) -1 -1 -1 
(40, 98) -1 -1 -1 
(40, 99) -1 -1 -1 
(40, 101) -1 -1 -1 
(40, 104) 1 1 1 
(40, 107) -1 -1 -1 
(40, 108) -1 -1 -1 
(41, 69) 1 1 1 
(41, 82) -1 -1 -1 
(41, 83) 1 1 1 
(41, 86) 1 1 1 
(41, 87) 1 1 1 
(41, 90) -1 -1 -1 
(41, 91) -1 -1 -1 
(41, 92) 1 1 1 
(41, 93) 1 1 1 
(41, 95) 1 1 1 
(41, 96) 1 1 1 
(41, 100) 1 1 1 
(41, 101) -1 -1 -1 
(41, 106) 1 1 1 
(41, 108) -1 -1 -1 
(41, 109) -1 -1 -1 
(42, 68) -1 -1 -1 
(42, 74) -1 -1 -1 
(42, 75) -1 -1 -1 
(42, 83) -1 -1 -1 
(42, 84) -1 -1 -1 
(42, 89) 1 1 1 
(42, 90) 1 1 1 
(42, 93) 1 1 1 
(42, 98) -1 -1 -1 
(42, 103) 1 1 1 
(42, 104) -1 -1 -1 
(42, 106) -1 -1 -1 
(42, 108) 1 1 1 
(42, 180) -1 -1 -1 
(43, 77) -1 -1 -1 
(43, 83) -1 -1 -1 
(43, 90) 1 1 1 
(43, 93) -1 -1 -1 
(43, 96) -1 -1 -1 
(43, 98) -1 -1 -1 
(43, 101) -1 -1 -1 
(43, 105) 1 1 1 
(43, 106) -1 -1 -1 
(43, 110) 1 1 1 
(44, 76) 1 1 1 
(44, 77) 1 1 1 
(44, 79) -1 -1 -1 
(44, 86) 1 1 1 
(44, 87) 1 1 1 
(44, 90) -1 -1 -1 
(44, 95) 1 1 1 
(44, 100) 1 1 1 
(44, 101) -1 -1 -1 
(44, 105) -1 -1 -1 
(45, 77) 1 1 1 
(45, 83) -1 -1 -1 
(45, 84) -1 -1 -1 
(45, 86) 1 1 1 
(45, 87) 1 1 1 
(45, 92) 1 1 1 
(45, 95) 1 1 1 
(46, 68) 1 1 1 
(46, 75) -1 -1 -1 
(46, 76) -1 -1 -1 
(46, 80) -1 -1 -1 
(46, 83) -1 -1 -1 
(46, 87) -1 -1 -1 
(46, 89) 1 1 1 
(46, 181) -1 -1 -1 
(47, 67) -1 -1 -1 
(47, 74) 1 1 1 
(47, 78) 1 1 1 
(47, 83) 1 1 1 
(47, 93) -1 -1 -1 
(47, 94) 1 1 1 
(47, 181) -1 -1 -1 
(48, 72) 1 1 1 
(48, 73) 1 1 1 
(48, 77) 1 1 1 
(48, 82) 1 1 1 
(48, 83) 1 1 1 
(48, 84) -1 -1 -1 
(48, 86) 1 1 1 
(48, 90) -1 -1 -1 
(48, 181) 1 1 1 
(49, 67) -1 -1 -1 
(49, 79) 1 1 1 
(49, 80) -1 -1 -1 
(49, 84) -1 -1 -1 
(49, 87) -1 -1 -1 
(49, 89) 1 1 1 
(50, 68) -1 -1 -1 
(50, 78) 1 1 1 
(51, 75) -1 -1 -1 
(51, 80) 1 1 1 
(51, 83) 1 1 1 
(51, 181) -1 -1 -1 
(52, 68) 1 1 1 
(52, 74) 1 1 1 
(52, 77) 1 1 1 
(52, 79) 1 1 1 
(52, 81) -1 -1 -1 
(53, 67) 1 1 1 
(53, 69) 1 1 1 
(53, 76) -1 -1 -1 
(53, 77) 1 1 1 
(53, 81) 1 1 1 
(53, 180) -1 -1 -1 
(54, 67) 1 1 1 
(54, 69) 1 1 1 
(54, 74) 1 1 1 
(54, 75) -1 -1 -1 
(54, 77) -1 -1 -1 
(55, 66) -1 -1 -1 
(55, 67) -1 -1 -1 
(55, 68) 1 1 1 
(55, 69) 1 1 1 
(55, 74) -1 -1 -1 
(55, 76) -1 -1 -1 
(56, 68) 1 1 1 
(56, 76) -1 -1 -1 
(57, 67) 1 1 1 
(58, 67) 1 1 1 
(58, 68) -1 -1 -1 
(58, 176) 1 1 1 
(59, 69) 1 1 1 
(59, 70) 1 1 1 
(59, 176) -1 -1 -1 
(60, 68) 1 1 1 
(60, 70) -1 -1 -1 
(61, 69) 1 1 1 
(61, 71) 1 1 1 
(62, 74) -1 -1 -1 
(62, 80) -1 -1 -1 
(62, 81) -1 -1 -1 
(63, 71) -1 -1 -1 
(63, 81) 1 1 1 
(63, 82) -1 -1 -1 
(64, 71) 1 1 1 
(64, 72) -1 -1 -1 
(64, 73) 1 1 1 
(64, 83) 1 1 1 
(65, 70) -1 -1 -1 
(65, 74) -1 -1 -1 
(65, 75) -1 -1 -1 
(65, 76) 1 1 1 
(65, 167) -1 -1 -1 
(65, 168) 1 1 1 
(66, 73) 1 1 1 
(66, 78) 1 1 1 
(66, 80) -1 -1 -1 
(66, 85) 1 1 1 
(66, 166) -1 -1 -1 
(67, 71) 1 1 1 
(67, 77) -1 -1 -1 
(67, 78) 1 1 1 
(67, 79) -1 -1 -1 
(67, 87) 1 1 1 
(68, 72) 1 1 1 
(68, 74) -1 -1 -1 
(68, 76) -1 -1 -1 
(68, 80) -1 -1 -1 
(68, 84) -1 -1 -1 
(68, 89) 1 1 1 
(68, 92) 1 1 1 
(68, 162) -1 -1 -1 
(69, 75) -1 -1 -1 
(69, 81) 1 1 1 
(69, 93) -1 -1 -1 
(69, 157) -1 -1 -1 
(69, 159) -1 -1 -1 
(70, 73) -1 -1 -1 
(70, 75) -1 -1 -1 
(70, 77) 1 1 1 
(70, 79) 1 1 1 
(70, 81) -1 -1 -1 
(70, 88) 1 1 1 
(70, 156) -1 -1 -1 
(71, 77) -1 -1 -1 
(71, 80) -1 -1 -1 
(71, 84) 1 1 1 
(71, 85) 1 1 1 
(71, 87) -1 -1 -1 
(71, 88) 1 1 1 
(71, 98) 1 1 1 
(71, 99) 1 1 1 
(71, 101) -1 -1 -1 
(72, 76) 1 1 1 
(72, 83) 1 1 1 
(72, 102) 1 1 1 
(72, 104) 1 1 1 
(73, 79) 1 1 1 
(73, 82) 1 1 1 
(73, 83) -1 -1 -1 
(73, 90) 1 1 1 
(73, 92) 1 1 1 
(73, 106) 1 1 1 
(73, 112) 1 1 1 
(74, 84) -1 -1 -1 
(74, 86) 1 1 1 
(74, 93) 1 1 1 
(74, 94) 1 1 1 
(74, 97) -1 -1 -1 
(74, 98) -1 -1 -1 
(74, 112) 1 1 1 
(74, 113) 1 1 1 
(74, 116) 1 1 1 
(74, 118) 1 1 1 
(74, 119) 1 1 1 
(74, 121) -1 -1 -1 
(74, 127) 1 1 1 
(75, 77) 1 1 1 
(75, 78) 1 1 1 
(75, 79) -1 -1 -1 
(75, 83) -1 -1 -1 
(75, 90) -1 -1 -1 
(75, 94) -1 -1 -1 
(75, 95) 1 1 1 
(75, 118) -1 -1 -1 
(76, 78) 1 1 1 
(76, 84) -1 -1 -1 
(76, 89) 1 1 1 
(76, 90) -1 -1 -1 
(76, 92) -1 -1 -1 
(76, 94) -1 -1 -1 
(76, 95) 1 1 1 
(77, 84) 1 1 1 
(77, 85) 1 1 1 
(77, 91) 1 1 1 
(77, 93) 1 1 1 
(77, 94) -1 -1 -1 
(77, 95) 1 1 1 
(77, 97) 1 1 1 
(77, 99) -1 -1 -1 
(78, 85) 1 1 1 
(78, 87) 1 1 1 
(78, 88) -1 -1 -1 
(78, 97) -1 -1 -1 
(78, 99) -1 -1 -1 
(78, 101) 1 1 1 
(78, 102) -1 -1 -1 
(79, 82) 1 1 1 
(79, 83) 1 1 1 
(79, 85) -1 -1 -1 
(79, 92) -1 -1 -1 
(79, 94) -1 -1 -1 
(79, 95) -1 -1 -1 
(79, 97) -1 -1 -1 
(79, 101) -1 -1 -1 
(80, 85) 1 1 1 
(80, 86) 1 1 1 
(80, 87) 1 1 1 
(80, 89) -1 -1 -1 
(80, 90) 1 1 1 
(80, 93) -1 -1 -1 
(80, 97) 1 1 1 
(80, 99) -1 -1 -1 
(80, 100) 1 1 1 
(80, 101) 1 1 1 
(80, 104) 1 1 1 
(81, 83) -1 -1 -1 
(81, 84) -1 -1 -1 
(81, 94) 1 1 1 
(81, 97) -1 -1 -1 
(81, 101) -1 -1 -1 
(81, 102) 1 1 1 
(81, 103) 1 1 1 
(81, 104) -1 -1 -1 
(81, 107) 1 1 1 
(82, 87) 1 1 1 
(82, 90) -1 -1 -1 
(82, 91) -1 -1 -1 
(82, 92) -1 -1 -1 
(82, 95) 1 1 1 
(82, 96) 1 1 1 
(82, 101) -1 -1 -1 
(82, 102) 1 1 1 
(82, 104) -1 -1 -1 
(82, 107) 1 1 1 
(82, 109) 1 1 1 
(83, 91) 1 1 1 
(83, 92) -1 -1 -1 
(83, 96) 1 1 1 
(83, 97) 1 1 1 
(83, 100) -1 -1 -1 
(83, 103) -1 -1 -1 
(83, 107) 1 1 1 
(84, 95) 1 1 1 
(84, 97) 1 1 1 
(84, 100) 1 1 1 
(84, 101) 1 1 1 
(84, 104) 1 1 1 
(84, 106) 1 1 1 
(84, 108) 1 1 1 
(84, 109) -1 -1 -1 
(85, 89) 1 1 1 
(85, 91) -1 -1 -1 
(85, 93) -1 -1 -1 
(85, 94) 1 1 1 
(85, 95) 1 1 1 
(85, 96) 1 1 1 
(85, 98) -1 -1 -1 
(85, 102) -1 -1 -1 
(85, 108) -1 -1 -1 
(85, 113) -1 -1 -1 
(86, 93) -1 -1 -1 
(86, 95) 1 1 1 
(86, 97) -1 -1 -1 
(86, 101) 1 1 1 
(86, 104) -1 -1 -1 
(86, 107) -1 -1 -1 
(86, 108) -1 -1 -1 
(86, 112) -1 -1 -1 
(86, 115) -1 -1 -1 
(87, 91) 1 1 1 
(87, 93) -1 -1 -1 
(87, 97) 1 1 1 
(87, 100) 1 1 1 
(87, 102) -1 -1 -1 
(87, 104) 1 1 1 
(87, 105) -1 -1 -1 
(87, 106) 1 1 1 
(87, 112) -1 -1 -1 
(87, 116) -1 -1 -1 
(87, 119) 1 1 1 
(88, 97) 1 1 1 
(88, 98) -1 -1 -1 
(88, 103) 1 1 1 
(88, 104) -1 -1 -1 
(88, 107) -1 -1 -1 
(88, 108) 1 1 1 
(88, 110) -1 -1 -1 
(88, 113) -1 -1 -1 
(88, 115) -1 -1 -1 
(88, 118) -1 -1 -1 
(88, 121) 1 1 1 
(88, 122) 1 1 1 
(89, 94) 1 1 1 
(89, 95) -1 -1 -1 
(89, 96) 1 1 1 
(89, 98) 1 1 1 
(89, 100) 1 1 1 
(89, 102) 1 1 1 
(89, 113) -1 -1 -1 
(89, 116) 1 1 1 
(89, 118) 1 1 1 
(89, 121) -1 -1 -1 
(89, 124) 1 1 1 
(90, 93) -1 -1 -1 
(90, 105) -1 -1 -1 
(90, 108) 1 1 1 
(90, 110) -1 -1 -1 
(90, 112) -1 -1 -1 
(90, 114) 1 1 1 
(90, 116) -1 -1 -1 
(90, 117) -1 -1 -1 
(90, 118) 1 1 1 
(90, 121) 1 1 1 
(90, 122) -1 -1 -1 
(90, 128) -1 -1 -1 
(90, 129) 1 1 1 
(91, 94) -1 -1 -1 
(91, 98) -1 -1 -1 
(91, 100) -1 -1 -1 
(91, 108) -1 -1 -1 
(91, 111) -1 -1 -1 
(91, 113) 1 1 1 
(91, 116) -1 -1 -1 
(91, 118) -1 -1 -1 
(91, 119) 1 1 1 
(91, 125) -1 -1 -1 
(91, 127) -1 -1 -1 
(91, 128) 1 1 1 
(91, 130) -1 -1 -1 
(91, 131) 1 1 1 
(91, 132) 1 1 1 
(91, 133) 1 1 1 
(92, 97) 1 1 1 
(92, 104) -1 -1 -1 
(92, 109) -1 -1 -1 
(92, 112) -1 -1 -1 
(92, 117) 1 1 1 
(92, 119) 1 1 1 
(92, 120) -1 -1 -1 
(92, 123) 1 1 1 
(92, 126) 1 1 1 
(92, 130) -1 -1 -1 
(92, 132) -1 -1 -1 
(92, 134) -1 -1 -1 
(92, 138) -1 -1 -1 
(92, 140) -1 -1 -1 
(93, 96) -1 -1 -1 
(93, 105) 1 1 1 
(93, 106) -1 -1 -1 
(93, 107) 1 1 1 
(93, 108) 1 1 1 
(93, 109) -1 -1 -1 
(93, 112) -1 -1 -1 
(93, 113) 1 1 1 
(93, 116) -1 -1 -1 
(93, 120) 1 1 1 
(93, 126) 1 1 1 
(93, 130) 1 1 1 
(93, 132) -1 -1 -1 
(93, 134) -1 -1 -1 
(93, 138) -1 -1 -1 
(93, 143) 1 1 1 
(94, 93) -1 -1 -1 
(94, 95) -1 -1 -1 
(94, 97) 1 1 1 
(94, 104) -1 -1 -1 
(94, 107) -1 -1 -1 
(94, 115) 1 1 1 
(94, 123) 1 1 1 
(94, 124) -1 -1 -1 
(94, 125) -1 -1 -1 
(94, 126) -1 -1 -1 
(94, 127) 1 1 1 
(94, 132) -1 -1 -1 
(94, 134) -1 -1 -1 
(94, 135) 1 1 1 
(94, 139) 1 1 1 
(94, 144) 1 1 1 
(94, 146) 1 1 1 
(95, 95) 1 1 1 
(95, 102) -1 -1 -1 
(95, 104) 1 1 1 
(95, 107) 1 1 1 
(95, 109) -1 -1 -1 
(95, 112) 1 1 1 
(95, 116) 1 1 1 
(95, 117) -1 -1 -1 
(95, 122) 1 1 1 
(95, 124) 1 1 1 
(95, 131) 1 1 1 
(95, 133) -1 -1 -1 
(95, 134) 1 1 1 
(95, 136) 1 1 1 
(95, 138) -1 -1 -1 
(95, 141) -1 -1 -1 
(95, 146) 1 1 1 
(95, 147) -1 -1 -1 
(95, 148) -1 -1 -1 
(96, 95) -1 -1 -1 
(96, 97) -1 -1 -1 
(96, 98) -1 -1 -1 
(96, 100) 1 1 1 
(96, 102) 1 1 1 
(96, 105) 1 1 1 
(96, 106) -1 -1 -1 
(96, 111) 1 1 1 
(96, 117) 1 1 1 
(96, 122) 1 1 1 
(96, 124) 1 1 1 
(96, 126) 1 1 1 
(96, 128) 1 1 1 
(96, 130) -1 -1 -1 
(96, 135) 1 1 1 
(96, 137) -1 -1 -1 
(96, 140) -1 -1 -1 
(96, 142) -1 -1 -1 
(96, 147) 1 1 1 
(96, 149) 1 1 1 
(97, 94) -1 -1 -1 
(97, 95) -1 -1 -1 
(97, 97) 1 1 1 
(97, 98) 1 1 1 
(97, 101) -1 -1 -1 
(97, 103) -1 -1 -1 
(97, 112) 1 1 1 
(97, 113) -1 -1 -1 
(97, 118) -1 -1 -1 
(97, 121) -1 -1 -1 
(97, 129) -1 -1 -1 
(97, 130) 1 1 1 
(97, 133) -1 -1 -1 
(97, 134) 1 1 1 
(97, 139) -1 -1 -1 
(97, 143) -1 -1 -1 
(97, 144) -1 -1 -1 
(97, 148) -1 -1 -1 
(97, 152) 1 1 1 
(98, 100) -1 -1 -1 
(98, 101) 1 1 1 
(98, 105) -1 -1 -1 
(98, 108) -1 -1 -1 
(98, 113) 1 1 1 
(98, 114) -1 -1 -1 
(98, 118) 1 1 1 
(98, 119) -1 -1 -1 
(98, 123) 1 1 1 
(98, 125) 1 1 1 
(98, 133) 1 1 1 
(98, 138) -1 -1 -1 
(98, 140) 1 1 1 
(98, 142) -1 -1 -1 
(98, 145) -1 -1 -1 
(98, 148) 1 1 1 
(98, 149) -1 -1 -1 
(98, 153) 1 1 1 
(99, 96) -1 -1 -1 
(99, 100) 1 1 1 
(99, 103) -1 -1 -1 
(99, 106) -1 -1 -1 
(99, 108) 1 1 1 
(99, 109) -1 -1 -1 
(99, 115) -1 -1 -1 
(99, 121) 1 1 1 
(99, 122) -1 -1 -1 
(99, 133) 1 1 1 
(99, 135) -1 -1 -1 
(99, 137) -1 -1 -1 
(99, 140) 1 1 1 
(99, 141) 1 1 1 
(99, 142) 1 1 1 
(99, 144) -1 -1 -1 
(99, 150) 1 1 1 
(99, 151) -1 -1 -1 
(99, 152) -1 -1 -1 
(99, 154) -1 -1 -1 
(99, 189) -1 -1 -1 
(100, 99) 1 1 1 
(100, 103) 1 1 1 
(100, 104) -1 -1 -1 
(100, 106) 1 1 1 
(100, 108) -1 -1 -1 
(100, 109) 1 1 1 
(100, 110) -1 -1 -1 
(100, 111) 1 1 1 
(100, 116) -1 -1 -1 
(100, 119) 1 1 1 
(100, 120) -1 -1 -1 
(100, 122) -1 -1 -1 
(100, 131) 1 1 1 
(100, 134) -1 -1 -1 
(100, 136) -1 -1 -1 
(100, 139) 1 1 1 
(100, 141) 1 1 1 
(100, 143) 1 1 1 
(100, 144) 1 1 1 
(100, 149) -1 -1 -1 
(100, 153) 1 1 1 
(100, 155) -1 -1 -1 
(100, 189) 1 1 1 
(100, 190) -1 -1 -1 
(101, 98) -1 -1 -1 
(101, 99) -1 -1 -1 
(101, 102) 1 1 1 
(101, 103) -1 -1 -1 
(101, 110) 1 1 1 
(101, 112) 1 1 1 
(101, 113) -1 -1 -1 
(101, 114) 1 1 1 
(101, 122) 1 1 1 
(101, 129) 1 1 1 
(101, 135) -1 -1 -1 
(101, 138) 1 1 1 
(101, 140) 1 1 1 
(101, 145) 1 1 1 
(101, 146) -1 -1 -1 
(101, 149) 1 1 1 
(101, 150) -1 -1 -1 
(101, 156) 1 1 1 
(101, 188) -1 -1 -1 
(102, 101) -1 -1 -1 
(102, 102) -1 -1 -1 
(102, 103) 1 1 1 
(102, 111) 1 1 1 
(102, 113) 1 1 1 
(102, 116) 1 1 1 
(102, 118) 1 1 1 
(102, 121) -1 -1 -1 
(102, 128) -1 -1 -1 
(102, 134) -1 -1 -1 
(102, 137) 1 1 1 
(102, 139) 1 1 1 
(102, 148) -1 -1 -1 
(102, 152) -1 -1 -1 
(102, 153) -1 -1 -1 
(102, 160) 1 1 1 
(102, 188) 1 1 1 
(102, 189) -1 -1 -1 
(103, 100) -1 -1 -1 
(103, 107) -1 -1 -1 
(103, 114) 1 1 1 
(103, 115) -1 -1 -1 
(103, 124) 1 1 1 
(103, 126) 1 1 1 
(103, 128) 1 1 1 
(103, 138) 1 1 1 
(103, 140) 1 1 1 
(103, 143) -1 -1 -1 
(103, 144) 1 1 1 
(103, 145) 1 1 1 
(103, 152) 1 1 1 
(103, 153) 1 1 1 
(103, 155) -1 -1 -1 
(103, 159) 1 1 1 
(103, 161) -1 -1 -1 
(103, 162) 1 1 1 
(103, 189) 1 1 1 
(104, 101) -1 -1 -1 
(104, 103) 1 1 1 
(104, 106) 1 1 1 
(104, 108) -1 -1 -1 
(104, 110) 1 1 1 
(104, 119) 1 1 1 
(104, 120) 1 1 1 
(104, 122) -1 -1 -1 
(104, 127) -1 -1 -1 
(104, 137) 1 1 1 
(104, 139) 1 1 1 
(104, 151) -1 -1 -1 
(104, 157) 1 1 1 
(104, 158) -1 -1 -1 
(104, 160) -1 -1 -1 
(104, 163) -1 -1 -1 
(104, 164) -1 -1 -1 
(104, 183) 1 1 1 
(104, 184) -1 -1 -1 
(104, 186) 1 1 1 
(104, 188) -1 -1 -1 
(104, 190) 1 1 1 
(105, 97) 1 1 1 
(105, 101) 1 1 1 
(105, 104) -1 -1 -1 
(105, 107) -1 -1 -1 
(105, 111) -1 -1 -1 
(105, 115) 1 1 1 
(105, 125) 1 1 1 
(105, 127) 1 1 1 
(105, 132) 1 1 1 
(105, 135) -1 -1 -1 
(105, 138) 1 1 1 
(105, 143) -1 -1 -1 
(105, 145) 1 1 1 
(105, 154) -1 -1 -1 
(105, 156) 1 1 1 
(105, 158) -1 -1 -1 
(105, 159) 1 1 1 
(105, 161) 1 1 1 
(105, 164) 1 1 1 
(105, 168) 1 1 1 
(105, 181) 1 1 1 
(105, 182) -1 -1 -1 
(105, 187) -1 -1 -1 
(105, 188) 1 1 1 
(105, 189) 1 1 1 
(105, 190) 1 1 1 
(106, 99) -1 -1 -1 
(106, 100) 1 1 1 
(106, 103) -1 -1 -1 
(106, 105) -1 -1 -1 
(106, 106) 1 1 1 
(106, 107) 1 1 1 
(106, 108) -1 -1 -1 
(106, 109) 1 1 1 
(106, 111) 1 1 1 
(106, 112) -1 -1 -1 
(106, 114) -1 -1 -1 
(106, 120) 1 1 1 
(106, 121) 1 1 1 
(106, 123) -1 -1 -1 
(106, 124) -1 -1 -1 
(106, 126) -1 -1 -1 
(106, 129) -1 -1 -1 
(106, 130) 1 1 1 
(106, 133) -1 -1 -1 
(106, 136) -1 -1 -1 
(106, 153) 1 1 1 
(106, 154) 1 1 1 
(106, 155) 1 1 1 
(106, 163) 1 1 1 
(106, 169) -1 -1 -1 
(106, 171) -1 -1 -1 
(106, 178) -1 -1 -1 
(106, 183) -1 -1 -1 
(107, 99) 1 1 1 
(107, 103) 1 1 1 
(107, 104) -1 -1 -1 
(107, 107) -1 -1 -1 
(107, 110) 1 1 1 
(107, 111) -1 -1 -1 
(107, 112) 1 1 1 
(107, 113) -1 -1 -1 
(107, 114) 1 1 1 
(107, 119) -1 -1 -1 
(107, 124) 1 1 1 
(107, 126) 1 1 1 
(107, 131) -1 -1 -1 
(107, 135) -1 -1 -1 
(107, 137) -1 -1 -1 
(107, 139) -1 -1 -1 
(107, 140) 1 1 1 
(107, 141) -1 -1 -1 
(107, 143) -1 -1 -1 
(107, 149) -1 -1 -1 
(107, 152) -1 -1 -1 
(107, 156) 1 1 1 
(107, 158) -1 -1 -1 
(107, 159) -1 -1 -1 
(107, 162) -1 -1 -1 
(107, 164) -1 -1 -1 
(107, 168) -1 -1 -1 
(107, 171) 1 1 1 
(107, 179) 1 1 1 
(107, 186) 1 1 1 
(107, 187) 1 1 1 
(107, 188) -1 -1 -1 
(108, 99) -1 -1 -1 
(108, 100) 1 1 1 
(108, 103) -1 -1 -1 
(108, 113) 1 1 1 
(108, 114) -1 -1 -1 
(108, 115) 1 1 1 
(108, 121) 1 1 1 
(108, 123) -1 -1 -1 
(108, 125) -1 -1 -1 
(108, 127) -1 -1 -1 
(108, 128) -1 -1 -1 
(108, 129) 1 1 1 
(108, 134) 1 1 1 
(108, 136) -1 -1 -1 
(108, 139) 1 1 1 
(108, 141) 1 1 1 
(108, 143) 1 1 1 
(108, 144) -1 -1 -1 
(108, 148) 1 1 1 
(108, 149) 1 1 1 
(108, 152) 1 1 1 
(108, 155) -1 -1 -1 
(108, 160) 1 1 1 
(108, 162) 1 1 1 
(108, 165) 1 1 1 
(108, 169) 1 1 1 
(108, 172) -1 -1 -1 
(108, 178) -1 -1 -1 
(108, 181) 1 1 1 
(108, 185) -1 -1 -1 
(108, 188) 1 1 1 
(108, 189) 1 1 1 
(109, 98) -1 -1 -1 
(109, 99) 1 1 1 
(109, 103) 1 1 1 
(109, 105) 1 1 1 
(109, 115) 1 1 1 
(109, 116) -1 -1 -1 
(109, 119) 1 1 1 
(109, 120) -1 -1 -1 
(109, 127) -1 -1 -1 
(109, 130) -1 -1 -1 
(109, 131) -1 -1 -1 
(109, 132) 1 1 1 
(109, 138) 1 1 1 
(109, 142) 1 1 1 
(109, 144) 1 1 1 
(109, 145) -1 -1 -1 
(109, 147) 1 1 1 
(109, 151) -1 -1 -1 
(109, 155) 1 1 1 
(109, 168) 1 1 1 
(109, 171) -1 -1 -1 
(109, 172) -1 -1 -1 
(109, 176) -1 -1 -1 
(109, 177) -1 -1 -1 
(109, 180) -1 -1 -1 
(109, 183) 1 1 1 
(109, 184) -1 -1 -1 
(109, 186) -1 -1 -1 
(110, 100) -1 -1 -1 
(110, 102) -1 -1 -1 
(110, 104) 1 1 1 
(110, 107) 1 1 1 
(110, 114) 1 1 1 
(110, 116) 1 1 1 
(110, 123) 1 1 1 
(110, 126) -1 -1 -1 
(110, 127) -1 -1 -1 
(110, 128) 1 1 1 
(110, 133) -1 -1 -1 
(110, 137) 1 1 1 
(110, 139) 1 1 1 
(110, 141) 1 1 1 
(110, 143) 1 1 1 
(110, 146) -1 -1 -1 
(110, 148) 1 1 1 
(110, 150) -1 -1 -1 
(110, 152) 1 1 1 
(110, 159) 1 1 1 
(110, 160) -1 -1 -1 
(110, 161) -1 -1 -1 
(110, 163) -1 -1 -1 
(110, 166) -1 -1 -1 
(110, 169) -1 -1 -1 
(110, 172) 1 1 1 
(110, 173) 1 1 1 
(110, 176) -1 -1 -1 
(110, 177) 1 1 1 
(110, 180) 1 1 1 
(110, 182) -1 -1 -1 
(110, 184) 1 1 1 
(110, 186) 1 1 1 
(111, 101) -1 -1 -1 
(111, 105) -1 -1 -1 
(111, 107) -1 -1 -1 
(111, 113) -1 -1 -1 
(111, 117) -1 -1 -1 
(111, 124) 1 1 1 
(111, 129) -1 -1 -1 
(111, 131) 1 1 1 
(111, 134) -1 -1 -1 
(111, 135) 1 1 1 
(111, 136) 1 1 1 
(111, 138) 1 1 1 
(111, 142) 1 1 1 
(111, 144) 1 1 1 
(111, 146) -1 -1 -1 
(111, 150) -1 -1 -1 
(111, 151) 1 1 1 
(111, 155) 1 1 1 
(111, 160) -1 -1 -1 
(111, 163) 1 1 1 
(111, 166) 1 1 1 
(111, 167) 1 1 1 
(111, 170) 1 1 1 
(111, 171) 1 1 1 
(111, 174) -1 -1 -1 
(111, 175) 1 1 1 
(111, 179) -1 -1 -1 
(111, 183) -1 -1 -1 
(111, 185) -1 -1 -1 
(111, 188) 1 1 1 
(111, 189) 1 1 1 
(112, 100) -1 -1 -1 
(112, 101) 1 1 1 
(112, 107) 1 1 1 
(112, 108) -1 -1 -1 
(112, 112) -1 -1 -1 
(112, 117) 1 1 1 
(112, 118) -1 -1 -1 
(112, 121) 1 1 1 
(112, 124) 1 1 1 
(112, 125) 1 1 1 
(112, 127) 1 1 1 
(112, 130) 1 1 1 
(112, 134) 1 1 1 
(112, 136) 1 1 1 
(112, 143) 1 1 1 
(112, 145) -1 -1 -1 
(112, 149) 1 1 1 
(112, 150) -1 -1 -1 
(112, 153) 1 1 1 
(112, 158) -1 -1 -1 
(112, 165) 1 1 1 
(112, 168) -1 -1 -1 
(112, 172) -1 -1 -1 
(112, 173) -1 -1 -1 
(112, 178) -1 -1 -1 
(112, 181) 1 1 1 
(112, 183) 1 1 1 
(112, 184) 1 1 1 
(112, 186) -1 -1 -1 
(112, 187) 1 1 1 
(113, 100) 1 1 1 
(113, 104) 1 1 1 
(113, 105) -1 -1 -1 
(113, 108) 1 1 1 
(113, 109) -1 -1 -1 
(113, 110) 1 1 1 
(113, 112) 1 1 1 
(113, 116) -1 -1 -1 
(113, 118) -1 -1 -1 
(113, 130) 1 1 1 
(113, 133) 1 1 1 
(113, 135) 1 1 1 
(113, 139) -1 -1 -1 
(113, 146) -1 -1 -1 
(113, 148) 1 1 1 
(113, 151) 1 1 1 
(113, 154) 1 1 1 
(113, 155) -1 -1 -1 
(113, 164) -1 -1 -1 
(113, 167) -1 -1 -1 
(113, 175) 1 1 1 
(113, 178) 1 1 1 
(113, 184) 1 1 1 
(113, 188) 1 1 1 
(113, 189) 1 1 1 
(114, 103) -1 -1 -1 
(114, 104) 1 1 1 
(114, 113) -1 -1 -1 
(114, 114) 1 1 1 
(114, 115) -1 -1 -1 
(114, 118) 1 1 1 
(114, 120) -1 -1 -1 
(114, 132) -1 -1 -1 
(114, 133) 1 1 1 
(114, 140) 1 1 1 
(114, 142) 1 1 1 
(114, 145) -1 -1 -1 
(114, 147) 1 1 1 
(114, 149) -1 -1 -1 
(114, 151) -1 -1 -1 
(114, 156) 1 1 1 
(114, 158) -1 -1 -1 
(114, 162) 1 1 1 
(114, 164) 1 1 1 
(114, 165) 1 1 1 
(114, 167) 1 1 1 
(114, 168) 1 1 1 
(114, 171) -1 -1 -1 
(114, 173) 1 1 1 
(114, 176) -1 -1 -1 
(114, 179) -1 -1 -1 
(114, 187) -1 -1 -1 
(114, 188) 1 1 1 
(114, 189) 1 1 1 
(115, 102) -1 -1 -1 
(115, 103) 1 1 1 
(115, 105) 1 1 1 
(115, 113) 1 1 1 
(115, 117) -1 -1 -1 
(115, 122) -1 -1 -1 
(115, 129) 1 1 1 
(115, 132) 1 1 1 
(115, 136) -1 -1 -1 
(115, 139) 1 1 1 
(115, 141) 1 1 1 
(115, 144) -1 -1 -1 
(115, 148) 1 1 1 
(115, 149) -1 -1 -1 
(115, 150) -1 -1 -1 
(115, 159) 1 1 1 
(115, 160) -1 -1 -1 
(115, 174) -1 -1 -1 
(115, 178) -1 -1 -1 
(115, 180) -1 -1 -1 
(115, 181) 1 1 1 
(115, 187) 1 1 1 
(115, 188) 1 1 1 
(116, 104) 1 1 1 
(116, 108) -1 -1 -1 
(116, 110) -1 -1 -1 
(116, 116) -1 -1 -1 
(116, 117) 1 1 1 
(116, 119) -1 -1 -1 
(116, 121) -1 -1 -1 
(116, 132) 1 1 1 
(116, 135) -1 -1 -1 
(116, 137) 1 1 1 
(116, 140) 1 1 1 
(116, 143) -1 -1 -1 
(116, 144) -1 -1 -1 
(116, 145) 1 1 1 
(116, 149) -1 -1 -1 
(116, 152) -1 -1 -1 
(116, 156) -1 -1 -1 
(116, 157) -1 -1 -1 
(116, 161) 1 1 1 
(116, 163) 1 1 1 
(116, 164) -1 -1 -1 
(116, 165) -1 -1 -1 
(116, 167) -1 -1 -1 
(116, 168) -1 -1 -1 
(116, 177) 1 1 1 
(116, 178) 1 1 1 
(116, 184) -1 -1 -1 
(116, 186) 1 1 1 
(116, 189) -1 -1 -1 
(117, 107) -1 -1 -1 
(117, 109) -1 -1 -1 
(117, 111) -1 -1 -1 
(117, 119) 1 1 1 
(117, 121) 1 1 1 
(117, 122) 1 1 1 
(117, 123) -1 -1 -1 
(117, 126) -1 -1 -1 
(117, 133) -1 -1 -1 
(117, 138) 1 1 1 
(117, 140) 1 1 1 
(117, 141) 1 1 1 
(117, 144) 1 1 1 
(117, 145) 1 1 1 
(117, 146) 1 1 1 
(117, 151) 1 1 1 
(117, 162) 1 1 1 
(117, 165) 1 1 1 
(117, 168) 1 1 1 
(117, 170) 1 1 1 
(117, 176) 1 1 1 
(117, 177) 1 1 1 
(117, 179) 1 1 1 
(117, 180) 1 1 1 
(117, 181) -1 -1 -1 
(117, 183) 1 1 1 
(117, 184) -1 -1 -1 
(117, 185) -1 -1 -1 
(118, 105) 1 1 1 
(118, 106) -1 -1 -1 
(118, 109) 1 1 1 
(118, 110) -1 -1 -1 
(118, 118) 1 1 1 
(118, 119) 1 1 1 
(118, 120) -1 -1 -1 
(118, 123) -1 -1 -1 
(118, 134) -1 -1 -1 
(118, 136) 1 1 1 
(118, 137) -1 -1 -1 
(118, 147) -1 -1 -1 
(118, 161) -1 -1 -1 
(118, 163) -1 -1 -1 
(118, 167) 1 1 1 
(118, 175) 1 1 1 
(118, 185) 1 1 1 
(119, 105) 1 1 1 
(119, 113) 1 1 1 
(119, 114) -1 -1 -1 
(119, 120) 1 1 1 
(119, 123) 1 1 1 
(119, 132) -1 -1 -1 
(119, 133) -1 -1 -1 
(119, 134) 1 1 1 
(119, 137) 1 1 1 
(119, 141) 1 1 1 
(119, 144) -1 -1 -1 
(119, 145) -1 -1 -1 
(119, 147) -1 -1 -1 
(119, 164) 1 1 1 
(119, 165) -1 -1 -1 
(119, 166) -1 -1 -1 
(119, 169) -1 -1 -1 
(119, 171) 1 1 1 
(119, 172) 1 1 1 
(119, 176) -1 -1 -1 
(119, 179) -1 -1 -1 
(119, 186) -1 -1 -1 
(120, 104) 1 1 1 
(120, 106) -1 -1 -1 
(120, 110) 1 1 1 
(120, 112) 1 1 1 
(120, 115) 1 1 1 
(120, 116) -1 -1 -1 
(120, 120) 1 1 1 
(120, 121) -1 -1 -1 
(120, 128) -1 -1 -1 
(120, 130) -1 -1 -1 
(120, 133) 1 1 1 
(120, 135) 1 1 1 
(120, 148) -1 -1 -1 
(120, 159) 1 1 1 
(120, 160) -1 -1 -1 
(120, 163) 1 1 1 
(120, 166) 1 1 1 
(120, 169) 1 1 1 
(120, 174) -1 -1 -1 
(120, 175) 1 1 1 
(120, 179) 1 1 1 
(120, 180) -1 -1 -1 
(120, 182) -1 -1 -1 
(121, 104) -1 -1 -1 
(121, 105) 1 1 1 
(121, 114) 1 1 1 
(121, 116) -1 -1 -1 
(121, 118) -1 -1 -1 
(121, 122) 1 1 1 
(121, 125) 1 1 1 
(121, 131) -1 -1 -1 
(121, 133) 1 1 1 
(121, 136) -1 -1 -1 
(121, 143) -1 -1 -1 
(121, 145) -1 -1 -1 
(121, 161) 1 1 1 
(121, 162) -1 -1 -1 
(121, 165) 1 1 1 
(121, 171) -1 -1 -1 
(121, 172) -1 -1 -1 
(121, 173) 1 1 1 
(121, 181) 1 1 1 
(121, 182) -1 -1 -1 
(121, 185) -1 -1 -1 
(122, 104) 1 1 1 
(122, 108) -1 -1 -1 
(122, 117) -1 -1 -1 
(122, 121) 1 1 1 
(122, 123) -1 -1 -1 
(122, 126) -1 -1 -1 
(122, 128) -1 -1 -1 
(122, 129) -1 -1 -1 
(122, 134) -1 -1 -1 
(122, 135) 1 1 1 
(122, 144) 1 1 1 
(122, 145) -1 -1 -1 
(122, 146) 1 1 1 
(122, 162) 1 1 1 
(122, 165) 1 1 1 
(122, 168) 1 1 1 
(122, 172) 1 1 1 
(122, 183) 1 1 1 
(122, 184) 1 1 1 
(122, 185) 1 1 1 
(123, 105) 1 1 1 
(123, 106) 1 1 1 
(123, 107) -1 -1 -1 
(123, 109) 1 1 1 
(123, 111) 1 1 1 
(123, 112) -1 -1 -1 
(123, 118) 1 1 1 
(123, 119) -1 -1 -1 
(123, 120) -1 -1 -1 
(123, 123) 1 1 1 
(123, 124) 1 1 1 
(123, 127) 1 1 1 
(123, 130) -1 -1 -1 
(123, 132) 1 1 1 
(123, 133) 1 1 1 
(123, 143) -1 -1 -1 
(123, 145) 1 1 1 
(123, 146) -1 -1 -1 
(123, 147) -1 -1 -1 
(123, 163) -1 -1 -1 
(123, 164) 1 1 1 
(123, 166) -1 -1 -1 
(123, 167) 1 1 1 
(123, 169) -1 -1 -1 
(123, 173) -1 -1 -1 
(123, 174) 1 1 1 
(123, 178) -1 -1 -1 
(123, 180) -1 -1 -1 
(123, 185) 1 1 1 
(123, 186) -1 -1 -1 
(124, 106) -1 -1 -1 
(124, 110) 1 1 1 
(124, 113) -1 -1 -1 
(124, 114) -1 -1 -1 
(124, 116) 1 1 1 
(124, 119) -1 -1 -1 
(124, 120) 1 1 1 
(124, 125) -1 -1 -1 
(124, 130) 1 1 1 
(124, 131) 1 1 1 
(124, 134) -1 -1 -1 
(124, 136) 1 1 1 
(124, 144) -1 -1 -1 
(124, 147) -1 -1 -1 
(124, 148) -1 -1 -1 
(124, 164) 1 1 1 
(124, 166) -1 -1 -1 
(124, 168) -1 -1 -1 
(124, 169) -1 -1 -1 
(124, 171) 1 1 1 
(124, 175) 1 1 1 
(124, 177) 1 1 1 
(124, 180) 1 1 1 
(124, 181) -1 -1 -1 
(124, 184) 1 1 1 
(124, 186) -1 -1 -1 
(125, 107) -1 -1 -1 
(125, 111) 1 1 1 
(125, 112) -1 -1 -1 
(125, 119) 1 1 1 
(125, 121) -1 -1 -1 
(125, 125) 1 1 1 
(125, 128) -1 -1 -1 
(125, 134) 1 1 1 
(125, 136) 1 1 1 
(125, 145) -1 -1 -1 
(125, 163) -1 -1 -1 
(125, 169) 1 1 1 
(125, 173) -1 -1 -1 
(125, 179) 1 1 1 
(125, 181) 1 1 1 
(125, 183) -1 -1 -1 
(126, 106) 1 1 1 
(126, 110) 1 1 1 
(126, 113) 1 1 1 
(126, 114) -1 -1 -1 
(126, 117) -1 -1 -1 
(126, 121) 1 1 1 
(126, 122) 1 1 1 
(126, 124) 1 1 1 
(126, 125) 1 1 1 
(126, 126) 1 1 1 
(126, 128) 1 1 1 
(126, 129) 1 1 1 
(126, 130) 1 1 1 
(126, 134) 1 1 1 
(126, 137) -1 -1 -1 
(126, 144) 1 1 1 
(126, 145) 1 1 1 
(126, 146) -1 -1 -1 
(126, 147) 1 1 1 
(126, 148) -1 -1 -1 
(126, 163) 1 1 1 
(126, 164) -1 -1 -1 
(126, 167) -1 -1 -1 
(126, 170) -1 -1 -1 
(126, 171) -1 -1 -1 
(126, 173) 1 1 1 
(126, 180) 1 1 1 
(126, 182) 1 1 1 
(126, 183) -1 -1 -1 
(126, 185) 1 1 1 
(127, 107) 1 1 1 
(127, 109) 1 1 1 
(127, 113) -1 -1 -1 
(127, 115) 1 1 1 
(127, 122) -1 -1 -1 
(127, 123) -1 -1 -1 
(127, 132) 1 1 1 
(127, 135) -1 -1 -1 
(127, 138) -1 -1 -1 
(127, 148) 1 1 1 
(127, 165) 1 1 1 
(127, 168) 1 1 1 
(127, 172) 1 1 1 
(127, 175) -1 -1 -1 
(127, 176) -1 -1 -1 
(127, 178) -1 -1 -1 
(127, 182) 1 1 1 
(127, 183) 1 1 1 
(127, 186) 1 1 1 
(128, 117) 1 1 1 
(128, 119) -1 -1 -1 
(128, 122) -1 -1 -1 
(128, 123) 1 1 1 
(128, 126) 1 1 1 
(128, 127) 1 1 1 
(128, 128) 1 1 1 
(128, 133) -1 -1 -1 
(128, 136) -1 -1 -1 
(128, 163) -1 -1 -1 
(128, 164) -1 -1 -1 
(128, 166) -1 -1 -1 
(128, 173) -1 -1 -1 
(128, 174) -1 -1 -1 
(128, 176) 1 1 1 
(128, 178) 1 1 1 
(128, 180) 1 1 1 
(128, 181) -1 -1 -1 
(128, 186) -1 -1 -1 
(129, 110) -1 -1 -1 
(129, 112) 1 1 1 
(129, 119) 1 1 1 
(129, 121) -1 -1 -1 
(129, 124) -1 -1 -1 
(129, 125) -1 -1 -1 
(129, 129) -1 -1 -1 
(129, 130) 1 1 1 
(129, 144) 1 1 1 
(129, 148) -1 -1 -1 
(129, 164) 1 1 1 
(129, 167) 1 1 1 
(129, 170) 1 1 1 
(129, 171) 1 1 1 
(129, 174) 1 1 1 
(129, 182) 1 1 1 
(130, 108) 1 1 1 
(130, 109) -1 -1 -1 
(130, 114) 1 1 1 
(130, 118) 1 1 1 
(130, 132) -1 -1 -1 
(130, 138) 1 1 1 
(130, 141) -1 -1 -1 
(130, 142) -1 -1 -1 
(130, 165) -1 -1 -1 
(130, 166) 1 1 1 
(130, 168) -1 -1 -1 
(130, 169) 1 1 1 
(130, 172) -1 -1 -1 
(130, 175) 1 1 1 
(130, 177) -1 -1 -1 
(130, 179) -1 -1 -1 
(130, 181) 1 1 1 
(130, 183) -1 -1 -1 
(131, 110) -1 -1 -1 
(131, 117) -1 -1 -1 
(131, 121) 1 1 1 
(131, 122) 1 1 1 
(131, 123) -1 -1 -1 
(131, 127) -1 -1 -1 
(131, 134) -1 -1 -1 
(131, 135) 1 1 1 
(131, 138) 1 1 1 
(131, 145) 1 1 1 
(131, 149) -1 -1 -1 
(131, 167) -1 -1 -1 
(131, 171) -1 -1 -1 
(131, 176) -1 -1 -1 
(131, 177) -1 -1 -1 
(131, 185) 1 1 1 
(132, 109) -1 -1 -1 
(132, 111) 1 1 1 
(132, 114) 1 1 1 
(132, 115) -1 -1 -1 
(132, 116) -1 -1 -1 
(132, 117) 1 1 1 
(132, 123) -1 -1 -1 
(132, 127) -1 -1 -1 
(132, 131) -1 -1 -1 
(132, 133) 1 1 1 
(132, 136) 1 1 1 
(132, 142) -1 -1 -1 
(132, 143) -1 -1 -1 
(132, 171) 1 1 1 
(132, 174) -1 -1 -1 
(132, 176) 1 1 1 
(132, 178) 1 1 1 
(132, 180) 1 1 1 
(133, 113) 1 1 1 
(133, 116) 1 1 1 
(133, 118) -1 -1 -1 
(133, 123) 1 1 1 
(133, 124) 1 1 1 
(133, 127) 1 1 1 
(133, 134) 1 1 1 
(133, 142) -1 -1 -1 
(133, 143) 1 1 1 
(133, 146) 1 1 1 
(133, 165) -1 -1 -1 
(133, 166) -1 -1 -1 
(133, 168) -1 -1 -1 
(133, 172) 1 1 1 
(133, 176) 1 1 1 
(133, 182) -1 -1 -1 
(133, 184) 1 1 1 
(134, 112) -1 -1 -1 
(134, 117) -1 -1 -1 
(134, 119) 1 1 1 
(134, 121) -1 -1 -1 
(134, 125) -1 -1 -1 
(134, 129) -1 -1 -1 
(134, 131) 1 1 1 
(134, 132) 1 1 1 
(134, 135) -1 -1 -1 
(134, 136) 1 1 1 
(134, 139) -1 -1 -1 
(134, 140) -1 -1 -1 
(134, 144) -1 -1 -1 
(134, 149) -1 -1 -1 
(134, 169) 1 1 1 
(134, 175) 1 1 1 
(134, 177) -1 -1 -1 
(134, 179) -1 -1 -1 
(134, 182) -1 -1 -1 
(135, 111) -1 -1 -1 
(135, 114) -1 -1 -1 
(135, 121) 1 1 1 
(135, 125) 1 1 1 
(135, 126) 1 1 1 
(135, 133) 1 1 1 
(135, 141) -1 -1 -1 
(135, 142) 1 1 1 
(135, 144) 1 1 1 
(135, 149) -1 -1 -1 
(135, 165) -1 -1 -1 
(135, 168) -1 -1 -1 
(135, 170) -1 -1 -1 
(135, 171) -1 -1 -1 
(135, 172) 1 1 1 
(135, 173) 1 1 1 
(135, 178) -1 -1 -1 
(136, 121) 1 1 1 
(136, 123) -1 -1 -1 
(136, 124) -1 -1 -1 
(136, 127) -1 -1 -1 
(136, 128) -1 -1 -1 
(136, 129) 1 1 1 
(136, 130) 1 1 1 
(136, 131) 1 1 1 
(136, 141) 1 1 1 
(136, 142) 1 1 1 
(136, 145) -1 -1 -1 
(136, 147) -1 -1 -1 
(136, 168) 1 1 1 
(136, 174) -1 -1 -1 
(136, 180) -1 -1 -1 
(137, 112) -1 -1 -1 
(137, 113) 1 1 1 
(137, 116) 1 1 1 
(137, 118) 1 1 1 
(137, 119) -1 -1 -1 
(137, 124) 1 1 1 
(137, 128) 1 1 1 
(137, 137) 1 1 1 
(137, 147) 1 1 1 
(137, 167) -1 -1 -1 
(137, 169) -1 -1 -1 
(137, 171) 1 1 1 
(137, 180) 1 1 1 
(137, 181) 1 1 1 
(137, 182) 1 1 1 
(138, 112) 1 1 1 
(138, 113) -1 -1 -1 
(138, 123) 1 1 1 
(138, 124) 1 1 1 
(138, 127) 1 1 1 
(138, 128) 1 1 1 
(138, 129) 1 1 1 
(138, 132) -1 -1 -1 
(138, 133) -1 -1 -1 
(138, 134) 1 1 1 
(138, 138) 1 1 1 
(138, 142) 1 1 1 
(138, 143) 1 1 1 
(138, 144) 1 1 1 
(138, 145) -1 -1 -1 
(138, 146) -1 -1 -1 
(138, 148) -1 -1 -1 
(138, 172) -1 -1 -1 
(138, 173) -1 -1 -1 
(138, 174) 1 1 1 
(138, 177) 1 1 1 
(138, 182) 1 1 1 
(139, 118) 1 1 1 
(139, 119) 1 1 1 
(139, 120) 1 1 1 
(139, 121) -1 -1 -1 
(139, 125) -1 -1 -1 
(139, 130) -1 -1 -1 
(139, 132) 1 1 1 
(139, 139) -1 -1 -1 
(139, 148) 1 1 1 
(139, 167) -1 -1 -1 
(139, 182) 1 1 1 
(140, 117) 1 1 1 
(140, 125) 1 1 1 
(140, 126) 1 1 1 
(140, 130) -1 -1 -1 
(140, 137) -1 -1 -1 
(140, 143) 1 1 1 
(140, 144) 1 1 1 
(140, 145) 1 1 1 
(140, 146) -1 -1 -1 
(140, 147) -1 -1 -1 
(140, 173) -1 -1 -1 
(140, 174) 1 1 1 
(140, 176) -1 -1 -1 
(141, 120) 1 1 1 
(141, 121) 1 1 1 
(141, 122) -1 -1 -1 
(141, 123) -1 -1 -1 
(141, 127) -1 -1 -1 
(141, 128) -1 -1 -1 
(141, 130) 1 1 1 
(141, 135) -1 -1 -1 
(141, 137) -1 -1 -1 
(141, 138) -1 -1 -1 
(141, 139) 1 1 1 
(141, 146) -1 -1 -1 
(141, 147) 1 1 1 
(141, 169) -1 -1 -1 
(141, 171) 1 1 1 
(141, 176) -1 -1 -1 
(141, 177) -1 -1 -1 
(142, 114) -1 -1 -1 
(142, 115) -1 -1 -1 
(142, 127) -1 -1 -1 
(142, 132) -1 -1 -1 
(142, 136) -1 -1 -1 
(142, 138) 1 1 1 
(142, 139) 1 1 1 
(142, 142) -1 -1 -1 
(142, 145) -1 -1 -1 
(142, 151) -1 -1 -1 
(142, 167) 1 1 1 
(142, 170) 1 1 1 
(142, 177) 1 1 1 
(143, 117) -1 -1 -1 
(143, 118) 1 1 1 
(143, 122) 1 1 1 
(143, 123) 1 1 1 
(143, 124) 1 1 1 
(143, 126) -1 -1 -1 
(143, 127) 1 1 1 
(143, 133) -1 -1 -1 
(143, 134) -1 -1 -1 
(143, 135) 1 1 1 
(143, 136) 1 1 1 
(143, 139) 1 1 1 
(143, 140) 1 1 1 
(143, 142) 1 1 1 
(143, 148) 1 1 1 
(143, 168) -1 -1 -1 
(143, 170) 1 1 1 
(143, 173) -1 -1 -1 
(143, 174) 1 1 1 
(143, 177) 1 1 1 
(143, 178) 1 1 1 
(143, 180) 1 1 1 
(144, 115) -1 -1 -1 
(144, 116) -1 -1 -1 
(144, 117) 1 1 1 
(144, 118) 1 1 1 
(144, 120) -1 -1 -1 
(144, 121) 1 1 1 
(144, 125) -1 -1 -1 
(144, 130) -1 -1 -1 
(144, 131) -1 -1 -1 
(144, 133) 1 1 1 
(144, 140) 1 1 1 
(144, 145) 1 1 1 
(144, 168) -1 -1 -1 
(144, 171) -1 -1 -1 
(144, 175) 1 1 1 
(144, 176) 1 1 1 
(144, 180) -1 -1 -1 
(145, 117) 1 1 1 
(145, 118) -1 -1 -1 
(145, 119) -1 -1 -1 
(145, 121) 1 1 1 
(145, 125) 1 1 1 
(145, 126) 1 1 1 
(145, 127) 1 1 1 
(145, 134) 1 1 1 
(145, 141) 1 1 1 
(145, 144) 1 1 1 
(145, 146) 1 1 1 
(145, 149) -1 -1 -1 
(145, 168) 1 1 1 
(145, 173) 1 1 1 
(145, 175) 1 1 1 
(145, 180) -1 -1 -1 
(146, 118) -1 -1 -1 
(146, 120) 1 1 1 
(146, 121) 1 1 1 
(146, 122) -1 -1 -1 
(146, 123) -1 -1 -1 
(146, 128) -1 -1 -1 
(146, 129) -1 -1 -1 
(146, 130) 1 1 1 
(146, 131) 1 1 1 
(146, 132) 1 1 1 
(146, 139) -1 -1 -1 
(146, 145) 1 1 1 
(146, 147) 1 1 1 
(146, 148) -1 -1 -1 
(146, 150) -1 -1 -1 
(146, 152) -1 -1 -1 
(146, 169) -1 -1 -1 
(146, 171) 1 1 1 
(146, 175) 1 1 1 
(147, 123) 1 1 1 
(147, 124) 1 1 1 
(147, 133) 1 1 1 
(147, 139) -1 -1 -1 
(147, 140) -1 -1 -1 
(147, 148) 1 1 1 
(147, 149) -1 -1 -1 
(147, 170) -1 -1 -1 
(147, 171) 1 1 1 
(147, 175) -1 -1 -1 
(147, 177) 1 1 1 
(148, 122) 1 1 1 
(148, 123) 1 1 1 
(148, 124) 1 1 1 
(148, 128) 1 1 1 
(148, 129) 1 1 1 
(148, 130) 1 1 1 
(148, 134) -1 -1 -1 
(148, 137) 1 1 1 
(148, 139) 1 1 1 
(148, 141) -1 -1 -1 
(148, 149) 1 1 1 
(148, 170) 1 1 1 
(148, 172) 1 1 1 
(148, 175) -1 -1 -1 
(148, 176) -1 -1 -1 
(149, 119) 1 1 1 
(149, 120) -1 -1 -1 
(149, 125) -1 -1 -1 
(149, 131) -1 -1 -1 
(149, 134) 1 1 1 
(149, 137) 1 1 1 
(149, 140) 1 1 1 
(149, 143) 1 1 1 
(149, 144) -1 -1 -1 
(149, 147) -1 -1 -1 
(149, 150) 1 1 1 
(149, 170) 1 1 1 
(149, 174) -1 -1 -1 
(149, 175) -1 -1 -1 
(149, 177) 1 1 1 
(150, 125) 1 1 1 
(150, 126) 1 1 1 
(150, 127) 1 1 1 
(150, 131) -1 -1 -1 
(150, 134) 1 1 1 
(150, 138) 1 1 1 
(150, 141) 1 1 1 
(150, 142) 1 1 1 
(150, 144) 1 1 1 
(150, 147) -1 -1 -1 
(150, 148) 1 1 1 
(150, 150) 1 1 1 
(150, 153) -1 -1 -1 
(150, 174) -1 -1 -1 
(150, 177) 1 1 1 
(151, 120) 1 1 1 
(151, 122) -1 -1 -1 
(151, 123) -1 -1 -1 
(151, 128) -1 -1 -1 
(151, 129) -1 -1 -1 
(151, 130) 1 1 1 
(151, 131) 1 1 1 
(151, 135) -1 -1 -1 
(151, 139) -1 -1 -1 
(151, 151) 1 1 1 
(151, 171) -1 -1 -1 
(152, 122) -1 -1 -1 
(152, 128) -1 -1 -1 
(152, 132) -1 -1 -1 
(152, 135) -1 -1 -1 
(152, 136) -1 -1 -1 
(152, 137) -1 -1 -1 
(152, 140) -1 -1 -1 
(152, 148) 1 1 1 
(152, 153) -1 -1 -1 
(152, 154) 1 1 1 
(152, 169) 1 1 1 
(152, 171) -1 -1 -1 
(152, 172) -1 -1 -1 
(152, 176) 1 1 1 
(153, 122) 1 1 1 
(153, 123) 1 1 1 
(153, 124) 1 1 1 
(153, 127) 1 1 1 
(153, 133) -1 -1 -1 
(153, 134) -1 -1 -1 
(153, 135) 1 1 1 
(153, 138) -1 -1 -1 
(153, 141) -1 -1 -1 
(153, 144) -1 -1 -1 
(153, 150) -1 -1 -1 
(153, 154) -1 -1 -1 
(153, 171) -1 -1 -1 
(153, 173) 1 1 1 
(153, 174) -1 -1 -1 
(154, 125) -1 -1 -1 
(154, 128) -1 -1 -1 
(154, 129) -1 -1 -1 
(154, 130) -1 -1 -1 
(154, 131) -1 -1 -1 
(154, 135) 1 1 1 
(154, 137) 1 1 1 
(154, 138) 1 1 1 
(154, 145) -1 -1 -1 
(154, 150) -1 -1 -1 
(154, 171) -1 -1 -1 
(154, 174) -1 -1 -1 
(154, 175) 1 1 1 
(155, 125) 1 1 1 
(155, 126) 1 1 1 
(155, 127) 1 1 1 
(155, 128) 1 1 1 
(155, 134) 1 1 1 
(155, 135) 1 1 1 
(155, 138) 1 1 1 
(155, 139) 1 1 1 
(155, 146) 1 1 1 
(155, 173) 1 1 1 
(155, 174) 1 1 1 
(156, 123) -1 -1 -1 
(156, 129) -1 -1 -1 
(156, 131) 1 1 1 
(156, 148) -1 -1 -1 
(156, 169) -1 -1 -1 
(156, 171) 1 1 1 
(156, 173) -1 -1 -1 
(157, 129) -1 -1 -1 
(157, 132) 1 1 1 
(157, 143) 1 1 1 
(157, 144) 1 1 1 
(157, 147) -1 -1 -1 
(157, 149) -1 -1 -1 
(157, 151) 1 1 1 
(157, 172) 1 1 1 
(158, 137) -1 -1 -1 
(158, 144) 1 1 1 
(158, 146) 1 1 1 
(158, 148) 1 1 1 
(158, 157) 1 1 1 
(158, 170) -1 -1 -1 
(158, 172) -1 -1 -1 
(159, 125) -1 -1 -1 
(159, 126) -1 -1 -1 
(159, 127) -1 -1 -1 
(159, 129) 1 1 1 
(159, 130) 1 1 1 
(159, 135) -1 -1 -1 
(159, 138) -1 -1 -1 
(159, 139) -1 -1 -1 
(159, 147) 1 1 1 
(159, 155) 1 1 1 
(159, 170) -1 -1 -1 
(159, 171) -1 -1 -1 
(159, 172) -1 -1 -1 
(160, 126) -1 -1 -1 
(160, 136) -1 -1 -1 
(160, 139) -1 -1 -1 
(160, 140) -1 -1 -1 
(160, 149) -1 -1 -1 
(160, 170) -1 -1 -1 
(161, 133) -1 -1 -1 
(161, 137) -1 -1 -1 
(161, 143) -1 -1 -1 
(161, 146) 1 1 1 
(161, 147) 1 1 1 
(161, 148) 1 1 1 
(161, 151) -1 -1 -1 
(161, 155) 1 1 1 
(161, 156) -1 -1 -1 
(161, 171) -1 -1 -1 
(162, 133) -1 -1 -1 
(162, 134) -1 -1 -1 
(162, 136) 1 1 1 
(162, 140) 1 1 1 
(162, 143) -1 -1 -1 
(162, 144) -1 -1 -1 
(162, 147) 1 1 1 
(162, 149) 1 1 1 
(162, 152) 1 1 1 
(162, 155) -1 -1 -1 
(162, 157) -1 -1 -1 
(162, 160) 1 1 1 
(162, 161) -1 -1 -1 
(163, 129) -1 -1 -1 
(163, 130) -1 -1 -1 
(163, 131) -1 -1 -1 
(163, 133) 1 1 1 
(163, 134) 1 1 1 
(163, 137) 1 1 1 
(163, 141) 1 1 1 
(163, 144) -1 -1 -1 
(163, 145) -1 -1 -1 
(163, 149) 1 1 1 
(163, 150) -1 -1 -1 
(164, 131) 1 1 1 
(164, 134) 1 1 1 
(164, 135) 1 1 1 
(164, 138) 1 1 1 
(164, 141) 1 1 1 
(164, 142) 1 1 1 
(164, 148) 1 1 1 
(164, 150) 1 1 1 
(164, 151) -1 -1 -1 
(164, 162) -1 -1 -1 
(164, 163) 1 1 1 
(165, 130) 1 1 1 
(165, 131) 1 1 1 
(165, 132) 1 1 1 
(165, 136) 1 1 1 
(165, 142) 1 1 1 
(165, 146) -1 -1 -1 
(165, 148) -1 -1 -1 
(165, 150) 1 1 1 
(165, 151) -1 -1 -1 
(165, 155) 1 1 1 
(165, 158) -1 -1 -1 
(165, 163) -1 -1 -1 
(165, 164) 1 1 1 
(166, 131) 1 1 1 
(166, 132) 1 1 1 
(166, 133) 1 1 1 
(166, 145) 1 1 1 
(166, 148) -1 -1 -1 
(166, 151) -1 -1 -1 
(166, 158) -1 -1 -1 
(166, 161) 1 1 1 
(166, 165) -1 -1 -1 
(167, 133) 1 1 1 
(167, 140) -1 -1 -1 
(167, 141) 1 1 1 
(167, 143) 1 1 1 
(167, 147) -1 -1 -1 
(167, 151) 1 1 1 
(167, 156) 1 1 1 
(167, 163) 1 1 1 
(167, 165) 1 1 1 
(167, 166) 1 1 1 
(167, 167) 1 1 1 
(168, 141) 1 1 1 
(168, 146) 1 1 1 
(168, 147) -1 -1 -1 
(168, 151) 1 1 1 
(168, 152) -1 -1 -1 
(168, 155) -1 -1 -1 
(168, 160) 1 1 1 
(168, 162) -1 -1 -1 
(169, 134) -1 -1 -1 
(169, 135) -1 -1 -1 
(169, 138) -1 -1 -1 
(169, 144) 1 1 1 
(169, 146) 1 1 1 
(169, 147) -1 -1 -1 
(169, 152) -1 -1 -1 
(169, 155) -1 -1 -1 
(169, 160) 1 1 1 
(169, 161) -1 -1 -1 
(169, 162) 1 1 1 
(170, 135) -1 -1 -1 
(170, 136) 1 1 1 
(170, 142) -1 -1 -1 
(170, 145) 1 1 1 
(170, 147) 1 1 1 
(170, 148) -1 -1 -1 
(170, 150) 1 1 1 
(170, 152) -1 -1 -1 
(170, 158) 1 1 1 
(170, 159) 1 1 1 
(170, 160) -1 -1 -1 
(170, 161) -1 -1 -1 
(170, 163) -1 -1 -1 
(170, 166) -1 -1 -1 
(171, 140) -1 -1 -1 
(171, 142) -1 -1 -1 
(171, 145) 1 1 1 
(171, 152) -1 -1 -1 
(171, 158) -1 -1 -1 
(171, 161) 1 1 1 
(171, 164) -1 -1 -1 
(172, 137) -1 -1 -1 
(172, 142) -1 -1 -1 
(172, 143) 1 1 1 
(172, 144) -1 -1 -1 
(172, 146) -1 -1 -1 
(172, 147) -1 -1 -1 
(172, 148) -1 -1 -1 
(172, 159) -1 -1 -1 
(172, 163) 1 1 1 
(172, 164) 1 1 1 
(173, 137) -1 -1 -1 
(173, 138) -1 -1 -1 
(173, 141) 1 1 1 
(173, 151) -1 -1 -1 
(173, 156) -1 -1 -1 
(173, 157) -1 -1 -1 
(173, 158) 1 1 1 
(173, 161) -1 -1 -1 
(173, 162) 1 1 1 
(173, 163) -1 -1 -1 
(174, 151) -1 -1 -1 
(174, 165) 1 1 1 
(174, 168) -1 -1 -1 
(175, 137) 1 1 1 
(175, 139) -1 -1 -1 
(175, 143) -1 -1 -1 
(175, 150) 1 1 1 
(175, 151) 1 1 1 
(175, 159) -1 -1 -1 
(175, 160) 1 1 1 
(175, 162) 1 1 1 
(175, 163) -1 -1 -1 
(175, 167) 1 1 1 
(176, 137) 1 1 1 
(176, 139) -1 -1 -1 
(176, 140) -1 -1 -1 
(176, 142) -1 -1 -1 
(176, 143) -1 -1 -1 
(176, 144) 1 1 1 
(176, 150) 1 1 1 
(176, 158) -1 -1 -1 
(176, 162) -1 -1 -1 
(176, 167) -1 -1 -1 
(177, 142) 1 1 1 
(177, 144) 1 1 1 
(177, 145) 1 1 1 
(177, 156) 1 1 1 
(177, 157) -1 -1 -1 
(177, 158) -1 -1 -1 
(177, 163) 1 1 1 
(177, 164) 1 1 1 
(177, 165) -1 -1 -1 
(177, 167) -1 -1 -1 
(178, 143) 1 1 1 
(178, 144) 1 1 1 
(178, 156) 1 1 1 
(178, 157) -1 -1 -1 
(178, 159) -1 -1 -1 
(178, 163) -1 -1 -1 
(178, 164) -1 -1 -1 
(179, 139) -1 -1 -1 
(179, 140) -1 -1 -1 
(179, 143) -1 -1 -1 
(179, 144) -1 -1 -1 
(179, 151) -1 -1 -1 
(179, 157) 1 1 1 
(179, 165) 1 1 1 
(180, 143) 1 1 1 
(180, 145) -1 -1 -1 
(180, 147) -1 -1 -1 
(180, 158) -1 -1 -1 
(180, 166) -1 -1 -1 
(181, 149) 1 1 1 
(181, 158) -1 -1 -1 
(181, 163) -1 -1 -1 
(181, 165) 1 1 1 
(181, 168) 1 1 1 
(182, 142) 1 1 1 
(182, 144) 1 1 1 
(182, 145) 1 1 1 
(182, 148) 1 1 1 
(182, 163) -1 -1 -1 
(182, 167) 1 1 1 
(183, 142) 1 1 1 
(183, 145) -1 -1 -1 
(183, 148) -1 -1 -1 
(183, 160) 1 1 1 
(183, 167) 1 1 1 
(184, 141) 1 1 1 
(184, 144) -1 -1 -1 
(184, 147) 1 1 1 
(184, 158) -1 -1 -1 
(184, 159) -1 -1 -1 
(184, 160) 1 1 1 
(184, 166) 1 1 1 
(185, 144) 1 1 1 
(185, 159) 1 1 1 
(185, 161) 1 1 1 
(186, 159) 1 1 1 
(186, 162) 1 1 1 
(186, 165) 1 1 1 
(187, 143) 1 1 1 
(187, 144) -1 -1 -1 
(187, 146) -1 -1 -1 
(188, 140) -1 -1 -1 
(188, 145) 1 1 1 
(188, 160) 1 1 1 
(189, 136) 1 1 1 
(189, 138) -1 -1 -1 
(189, 139) -1 -1 -1 
(189, 140) 1 1 1 
(189, 160) -1 -1 -1 
(189, 162) -1 -1 -1 
(189, 164) 1 1 1 
(189, 165) 1 1 1 
(190, 139) 1 1 1 
(190, 161) -1 -1 -1 
(190, 164) 1 1 1 
(191, 163) 1 1 1 
