(19, 127) -1 -1 -1 
(19, 128) -1 -1 -1 
(19, 129) -1 -1 -1 
(19, 130) -1 -1 -1 
(20, 116) -1 -1 -1 
(20, 117) -1 -1 -1 
(20, 118) -1 -1 -1 
(20, 120) -1 -1 -1 
(20, 121) 1 1 1 
(20, 123) -1 -1 -1 
(20, 129) -1 -1 -1 
(20, 130) -1 -1 -1 
(20, 138) 1 1 1 
(21, 108) -1 -1 -1 
(21, 110) 1 1 1 
(21, 112) -1 -1 -1 
(21, 122) 1 1 1 
(21, 127) 1 1 1 
(21, 134) 1 1 1 
(21, 135) 1 1 1 
(21, 140) 1 1 1 
(21, 141) 1 1 1 
(21, 145) 1 1 1 
(21, 148) 1 1 1 
(21, 151) 1 1 1 
(22, 104) 1 1 1 
(22, 119) 1 1 1 
(22, 121) -1 -1 -1 
(22, 122) 1 1 1 
(22, 134) -1 -1 -1 
(22, 136) 1 1 1 
(22, 144) -1 -1 -1 
(22, 145) -1 -1 -1 
(22, 146) -1 -1 -1 
(22, 148) -1 -1 -1 
(22, 149) -1 -1 -1 
(22, 151) -1 -1 -1 
(22, 153) -1 -1 -1 
(22, 155) -1 -1 -1 
(23, 101) -1 -1 -1 
(23, 110) -1 -1 -1 
(23, 117) 1 1 1 
(23, 120) -1 -1 -1 
(23, 123) -1 -1 -1 
(23, 127) -1 -1 -1 
(23, 129) -1 -1 -1 
(23, 130) -1 -1 -1 
(24, 97) 1 1 1 
(24, 98) -1 -1 -1 
(24, 99) -1 -1 -1 
(24, 106) -1 -1 -1 
(24, 109) 1 1 1 
(24, 111) -1 -1 -1 
(24, 112) -1 -1 -1 
(24, 113) -1 -1 -1 
(24, 115) -1 -1 -1 
(24, 117) 1 1 1 
(24, 120) -1 -1 -1 
(24, 124) -1 -1 -1 
(24, 128) 1 1 1 
(25, 95) 1 1 1 
(25, 104) -1 -1 -1 
(25, 105) 1 1 1 
(25, 108) 1 1 1 
(25, 109) 1 1 1 
(25, 114) 1 1 1 
(25, 117) -1 -1 -1 
(25, 118) -1 -1 -1 
(25, 119) 1 1 1 
(25, 128) 1 1 1 
(26, 91) -1 -1 -1 
(26, 93) 1 1 1 
(26, 99) 1 1 1 
(26, 101) 1 1 1 
(26, 102) 1 1 1 
(26, 104) -1 -1 -1 
(26, 109) 1 1 1 
(26, 114) 1 1 1 
(26, 116) 1 1 1 
(26, 120) -1 -1 -1 
(26, 162) 1 1 1 
(27, 90) 1 1 1 
(27, 91) 1 1 1 
(27, 96) 1 1 1 
(27, 97) 1 1 1 
(27, 103) 1 1 1 
(27, 105) 1 1 1 
(27, 106) 1 1 1 
(27, 107) 1 1 1 
(27, 109) 1 1 1 
(27, 111) -1 -1 -1 
(27, 117) 1 1 1 
(28, 96) -1 -1 -1 
(28, 98) 1 1 1 
(28, 100) -1 -1 -1 
(28, 103) 1 1 1 
(28, 110) 1 1 1 
(28, 117) 1 1 1 
(29, 87) -1 -1 -1 
(29, 95) 1 1 1 
(29, 96) -1 -1 -1 
(29, 101) 1 1 1 
(29, 102) 1 1 1 
(29, 105) -1 -1 -1 
(29, 107) 1 1 1 
(29, 108) 1 1 1 
(29, 110) -1 -1 -1 
(29, 113) 1 1 1 
(29, 114) 1 1 1 
(30, 85) 1 1 1 
(30, 91) 1 1 1 
(30, 93) 1 1 1 
(30, 98) 1 1 1 
(30, 99) 1 1 1 
(30, 107) -1 -1 -1 
(30, 110) -1 -1 -1 
(30, 114) -1 -1 -1 
(30, 117) 1 1 1 
(30, 172) 1 1 1 
(31, 83) -1 -1 -1 
(31, 88) -1 -1 -1 
(31, 90) -1 -1 -1 
(31, 92) -1 -1 -1 
(31, 94) 1 1 1 
(31, 95) 1 1 1 
(31, 98) -1 -1 -1 
(31, 102) -1 -1 -1 
(31, 103) -1 -1 -1 
(31, 105) -1 -1 -1 
(31, 173) 1 1 1 
(32, 82) -1 -1 -1 
(32, 92) 1 1 1 
(32, 93) -1 -1 -1 
(32, 95) -1 -1 -1 
(32, 98) 1 1 1 
(32, 99) 1 1 1 
(32, 107) 1 1 1 
(32, 110) -1 -1 -1 
(32, 111) -1 -1 -1 
(33, 81) 1 1 1 
(33, 85) -1 -1 -1 
(33, 86) -1 -1 -1 
(33, 90) 1 1 1 
(33, 99) -1 -1 -1 
(33, 105) -1 -1 -1 
(33, 107) -1 -1 -1 
(34, 78) 1 1 1 
(34, 90) -1 -1 -1 
(34, 94) -1 -1 -1 
(34, 95) -1 -1 -1 
(34, 98) 1 1 1 
(34, 102) 1 1 1 
(34, 110) -1 -1 -1 
(35, 83) 1 1 1 
(35, 85) 1 1 1 
(35, 90) 1 1 1 
(35, 91) -1 -1 -1 
(35, 92) -1 -1 -1 
(35, 94) 1 1 1 
(35, 95) 1 1 1 
(35, 99) -1 -1 -1 
(35, 101) 1 1 1 
(35, 103) 1 1 1 
(35, 104) -1 -1 -1 
(35, 105) -1 -1 -1 
(35, 107) -1 -1 -1 
(35, 109) 1 1 1 
(35, 112) -1 -1 -1 
(35, 179) 1 1 1 
(36, 82) -1 -1 -1 
(36, 85) -1 -1 -1 
(36, 86) 1 1 1 
(36, 98) 1 1 1 
(36, 105) 1 1 1 
(36, 106) 1 1 1 
(36, 107) -1 -1 -1 
(36, 112) -1 -1 -1 
(37, 88) 1 1 1 
(37, 95) 1 1 1 
(37, 98) -1 -1 -1 
(37, 104) -1 -1 -1 
(37, 105) 1 1 1 
(38, 80) -1 -1 -1 
(38, 81) 1 1 1 
(38, 86) 1 1 1 
(38, 91) 1 1 1 
(38, 92) 1 1 1 
(38, 95) -1 -1 -1 
(38, 96) -1 -1 -1 
(38, 97) 1 1 1 
(38, 100) 1 1 1 
(38, 102) -1 -1 -1 
(38, 104) -1 -1 -1 
(38, 105) 1 1 1 
(38, 109) 1 1 1 
(38, 110) -1 -1 -1 
(38, 112) -1 -1 -1 
(39, 80) 1 1 1 
(39, 85) 1 1 1 
(39, 86) -1 -1 -1 
(39, 87) 1 1 1 
(39, 89) -1 -1 -1 
(39, 92) -1 -1 -1 
(39, 93) -1 -1 -1 
(39, 94) 1 1 1 
(39, 101) 1 1 1 
(39, 103) 1 1 1 
(39, 107) -1 -1 -1 
(39, 111) 1 1 1 
(39, 112) -1 -1 -1 
(39, 182) -1 -1 -1 
(40, 73) -1 -1 -1 
(40, 74) -1 -1 -1 
(40, 86) 1 1 1 
(40, 98) -1 -1 -1 
(40, 101) -1 -1 -1 
(40, 106) 1 1 1 
(40, 183) -1 -1 -1 
(41, 73) -1 -1 -1 
(41, 80) -1 -1 -1 
(41, 87) 1 1 1 
(41, 88) -1 -1 -1 
(41, 89) -1 -1 -1 
(41, 91) 1 1 1 
(41, 95) -1 -1 -1 
(41, 98) -1 -1 -1 
(41, 99) -1 -1 -1 
(41, 101) -1 -1 -1 
(41, 104) -1 -1 -1 
(41, 109) 1 1 1 
(41, 110) -1 -1 -1 
(42, 72) -1 -1 -1 
(42, 78) 1 1 1 
(42, 87) -1 -1 -1 
(42, 88) -1 -1 -1 
(42, 92) -1 -1 -1 
(42, 95) -1 -1 -1 
(42, 103) 1 1 1 
(42, 109) 1 1 1 
(43, 80) 1 1 1 
(43, 81) -1 -1 -1 
(43, 84) -1 -1 -1 
(43, 92) -1 -1 -1 
(43, 99) 1 1 1 
(43, 104) 1 1 1 
(43, 106) 1 1 1 
(43, 107) -1 -1 -1 
(43, 109) -1 -1 -1 
(43, 112) 1 1 1 
(44, 78) 1 1 1 
(44, 79) -1 -1 -1 
(44, 80) 1 1 1 
(44, 81) 1 1 1 
(44, 83) -1 -1 -1 
(44, 87) 1 1 1 
(44, 88) 1 1 1 
(44, 91) 1 1 1 
(44, 95) -1 -1 -1 
(44, 98) -1 -1 -1 
(44, 99) 1 1 1 
(44, 101) -1 -1 -1 
(44, 104) 1 1 1 
(44, 107) 1 1 1 
(45, 72) -1 -1 -1 
(45, 83) 1 1 1 
(45, 84) 1 1 1 
(45, 85) -1 -1 -1 
(45, 90) 1 1 1 
(45, 91) -1 -1 -1 
(45, 95) -1 -1 -1 
(45, 96) -1 -1 -1 
(45, 98) 1 1 1 
(45, 99) 1 1 1 
(45, 100) 1 1 1 
(45, 104) -1 -1 -1 
(45, 185) 1 1 1 
(46, 72) 1 1 1 
(46, 77) 1 1 1 
(46, 79) -1 -1 -1 
(46, 84) -1 -1 -1 
(46, 89) 1 1 1 
(46, 90) 1 1 1 
(46, 91) -1 -1 -1 
(46, 92) -1 -1 -1 
(46, 93) -1 -1 -1 
(46, 94) 1 1 1 
(46, 98) 1 1 1 
(47, 72) -1 -1 -1 
(47, 79) -1 -1 -1 
(47, 88) 1 1 1 
(47, 89) 1 1 1 
(47, 90) 1 1 1 
(47, 185) 1 1 1 
(48, 84) 1 1 1 
(48, 85) -1 -1 -1 
(48, 86) -1 -1 -1 
(48, 90) -1 -1 -1 
(48, 92) 1 1 1 
(48, 95) -1 -1 -1 
(49, 89) 1 1 1 
(50, 71) -1 -1 -1 
(50, 81) 1 1 1 
(50, 82) -1 -1 -1 
(50, 85) 1 1 1 
(50, 88) 1 1 1 
(50, 89) 1 1 1 
(51, 71) 1 1 1 
(51, 73) -1 -1 -1 
(51, 79) -1 -1 -1 
(52, 72) 1 1 1 
(52, 73) 1 1 1 
(52, 78) 1 1 1 
(52, 80) -1 -1 -1 
(52, 81) 1 1 1 
(52, 82) 1 1 1 
(52, 83) -1 -1 -1 
(52, 86) 1 1 1 
(53, 79) 1 1 1 
(53, 80) -1 -1 -1 
(53, 81) 1 1 1 
(53, 85) 1 1 1 
(54, 73) 1 1 1 
(54, 80) 1 1 1 
(54, 81) -1 -1 -1 
(54, 82) 1 1 1 
(55, 74) 1 1 1 
(55, 81) -1 -1 -1 
(55, 82) 1 1 1 
(55, 184) 1 1 1 
(56, 71) 1 1 1 
(56, 73) -1 -1 -1 
(56, 75) -1 -1 -1 
(57, 71) 1 1 1 
(57, 73) -1 -1 -1 
(57, 74) 1 1 1 
(57, 80) 1 1 1 
(58, 73) -1 -1 -1 
(58, 74) -1 -1 -1 
(58, 81) 1 1 1 
(59, 73) 1 1 1 
(59, 74) 1 1 1 
(59, 75) 1 1 1 
(59, 77) 1 1 1 
(59, 82) -1 -1 -1 
(60, 72) -1 -1 -1 
(60, 75) -1 -1 -1 
(60, 77) 1 1 1 
(60, 82) -1 -1 -1 
(60, 83) -1 -1 -1 
(60, 179) 1 1 1 
(61, 76) 1 1 1 
(61, 78) 1 1 1 
(61, 83) 1 1 1 
(62, 77) -1 -1 -1 
(62, 177) -1 -1 -1 
(63, 77) 1 1 1 
(63, 81) -1 -1 -1 
(63, 85) -1 -1 -1 
(63, 176) 1 1 1 
(64, 74) -1 -1 -1 
(64, 75) 1 1 1 
(64, 76) -1 -1 -1 
(64, 79) -1 -1 -1 
(64, 80) 1 1 1 
(65, 77) 1 1 1 
(65, 78) -1 -1 -1 
(65, 79) 1 1 1 
(65, 83) -1 -1 -1 
(66, 75) 1 1 1 
(66, 81) 1 1 1 
(66, 85) -1 -1 -1 
(66, 86) -1 -1 -1 
(66, 91) -1 -1 -1 
(67, 76) -1 -1 -1 
(67, 79) 1 1 1 
(67, 82) 1 1 1 
(67, 83) 1 1 1 
(67, 84) -1 -1 -1 
(67, 85) 1 1 1 
(67, 86) -1 -1 -1 
(67, 88) 1 1 1 
(67, 92) -1 -1 -1 
(68, 81) 1 1 1 
(68, 86) 1 1 1 
(68, 93) -1 -1 -1 
(68, 95) 1 1 1 
(69, 78) 1 1 1 
(69, 80) 1 1 1 
(69, 81) -1 -1 -1 
(69, 82) -1 -1 -1 
(69, 86) -1 -1 -1 
(69, 87) -1 -1 -1 
(69, 91) 1 1 1 
(69, 94) -1 -1 -1 
(69, 95) -1 -1 -1 
(69, 98) -1 -1 -1 
(70, 78) -1 -1 -1 
(70, 85) 1 1 1 
(70, 88) 1 1 1 
(70, 90) 1 1 1 
(70, 93) -1 -1 -1 
(70, 96) 1 1 1 
(70, 98) -1 -1 -1 
(70, 101) 1 1 1 
(70, 102) 1 1 1 
(70, 103) 1 1 1 
(70, 163) 1 1 1 
(71, 79) 1 1 1 
(71, 82) -1 -1 -1 
(71, 86) 1 1 1 
(71, 87) -1 -1 -1 
(71, 90) -1 -1 -1 
(71, 93) -1 -1 -1 
(71, 94) 1 1 1 
(71, 95) 1 1 1 
(71, 96) -1 -1 -1 
(71, 98) 1 1 1 
(71, 100) -1 -1 -1 
(71, 101) 1 1 1 
(71, 102) -1 -1 -1 
(71, 159) -1 -1 -1 
(71, 160) 1 1 1 
(72, 80) 1 1 1 
(72, 83) 1 1 1 
(72, 86) -1 -1 -1 
(72, 88) 1 1 1 
(72, 90) 1 1 1 
(72, 91) 1 1 1 
(72, 93) 1 1 1 
(72, 155) 1 1 1 
(73, 80) 1 1 1 
(73, 89) 1 1 1 
(73, 92) -1 -1 -1 
(73, 93) -1 -1 -1 
(73, 95) 1 1 1 
(73, 96) 1 1 1 
(73, 98) 1 1 1 
(73, 101) -1 -1 -1 
(73, 102) -1 -1 -1 
(73, 103) 1 1 1 
(73, 118) -1 -1 -1 
(73, 144) -1 -1 -1 
(73, 145) 1 1 1 
(73, 147) -1 -1 -1 
(73, 151) -1 -1 -1 
(74, 84) 1 1 1 
(74, 85) -1 -1 -1 
(74, 88) 1 1 1 
(74, 90) 1 1 1 
(74, 91) -1 -1 -1 
(74, 93) -1 -1 -1 
(74, 95) -1 -1 -1 
(74, 97) -1 -1 -1 
(74, 99) 1 1 1 
(74, 103) 1 1 1 
(74, 127) -1 -1 -1 
(74, 130) -1 -1 -1 
(74, 132) -1 -1 -1 
(74, 141) -1 -1 -1 
(75, 86) -1 -1 -1 
(75, 89) 1 1 1 
(75, 90) 1 1 1 
(75, 97) 1 1 1 
(75, 98) -1 -1 -1 
(75, 100) 1 1 1 
(76, 85) 1 1 1 
(76, 87) -1 -1 -1 
(76, 90) 1 1 1 
(76, 91) -1 -1 -1 
(76, 92) -1 -1 -1 
(76, 94) -1 -1 -1 
(76, 100) -1 -1 -1 
(76, 105) -1 -1 -1 
(77, 86) 1 1 1 
(77, 87) -1 -1 -1 
(77, 92) 1 1 1 
(77, 93) 1 1 1 
(77, 96) -1 -1 -1 
(77, 100) -1 -1 -1 
(78, 86) -1 -1 -1 
(78, 87) 1 1 1 
(78, 88) -1 -1 -1 
(78, 90) -1 -1 -1 
(78, 94) 1 1 1 
(78, 97) 1 1 1 
(78, 104) -1 -1 -1 
(78, 106) 1 1 1 
(78, 107) -1 -1 -1 
(79, 86) -1 -1 -1 
(79, 88) 1 1 1 
(79, 92) -1 -1 -1 
(79, 99) -1 -1 -1 
(79, 101) -1 -1 -1 
(79, 102) -1 -1 -1 
(79, 109) 1 1 1 
(80, 87) -1 -1 -1 
(80, 88) -1 -1 -1 
(80, 89) -1 -1 -1 
(80, 93) 1 1 1 
(80, 97) 1 1 1 
(80, 100) -1 -1 -1 
(80, 106) -1 -1 -1 
(81, 91) -1 -1 -1 
(81, 93) -1 -1 -1 
(81, 99) -1 -1 -1 
(81, 101) 1 1 1 
(81, 107) 1 1 1 
(81, 109) -1 -1 -1 
(81, 112) 1 1 1 
(82, 101) -1 -1 -1 
(82, 103) 1 1 1 
(82, 110) -1 -1 -1 
(82, 112) 1 1 1 
(83, 90) 1 1 1 
(83, 102) -1 -1 -1 
(83, 105) -1 -1 -1 
(83, 107) 1 1 1 
(83, 112) 1 1 1 
(84, 91) -1 -1 -1 
(84, 92) 1 1 1 
(84, 94) 1 1 1 
(84, 95) 1 1 1 
(84, 102) 1 1 1 
(84, 109) 1 1 1 
(84, 111) 1 1 1 
(84, 114) 1 1 1 
(84, 117) 1 1 1 
(85, 93) -1 -1 -1 
(85, 94) -1 -1 -1 
(85, 95) 1 1 1 
(85, 98) -1 -1 -1 
(85, 100) -1 -1 -1 
(85, 105) 1 1 1 
(85, 106) 1 1 1 
(85, 107) -1 -1 -1 
(85, 113) -1 -1 -1 
(85, 114) -1 -1 -1 
(85, 116) 1 1 1 
(85, 118) -1 -1 -1 
(86, 94) -1 -1 -1 
(86, 105) -1 -1 -1 
(86, 109) 1 1 1 
(86, 110) -1 -1 -1 
(86, 113) -1 -1 -1 
(86, 115) 1 1 1 
(86, 117) -1 -1 -1 
(86, 122) 1 1 1 
(87, 95) -1 -1 -1 
(87, 97) 1 1 1 
(87, 98) -1 -1 -1 
(87, 100) 1 1 1 
(87, 103) 1 1 1 
(87, 109) -1 -1 -1 
(87, 111) -1 -1 -1 
(87, 117) -1 -1 -1 
(87, 118) -1 -1 -1 
(87, 124) 1 1 1 
(88, 102) 1 1 1 
(88, 104) -1 -1 -1 
(88, 112) -1 -1 -1 
(88, 113) 1 1 1 
(88, 115) -1 -1 -1 
(88, 118) -1 -1 -1 
(88, 120) -1 -1 -1 
(88, 121) 1 1 1 
(89, 102) 1 1 1 
(89, 104) 1 1 1 
(89, 106) 1 1 1 
(89, 107) -1 -1 -1 
(89, 118) -1 -1 -1 
(89, 123) 1 1 1 
(89, 125) 1 1 1 
(89, 129) 1 1 1 
(90, 100) 1 1 1 
(90, 101) 1 1 1 
(90, 103) 1 1 1 
(90, 107) -1 -1 -1 
(90, 108) 1 1 1 
(90, 117) -1 -1 -1 
(90, 119) 1 1 1 
(90, 122) -1 -1 -1 
(90, 123) 1 1 1 
(90, 127) -1 -1 -1 
(90, 128) -1 -1 -1 
(90, 130) 1 1 1 
(90, 133) -1 -1 -1 
(90, 134) 1 1 1 
(91, 97) -1 -1 -1 
(91, 98) -1 -1 -1 
(91, 100) -1 -1 -1 
(91, 102) -1 -1 -1 
(91, 103) -1 -1 -1 
(91, 107) -1 -1 -1 
(91, 110) 1 1 1 
(91, 111) -1 -1 -1 
(91, 113) -1 -1 -1 
(91, 116) -1 -1 -1 
(91, 121) -1 -1 -1 
(91, 124) 1 1 1 
(91, 132) -1 -1 -1 
(91, 133) 1 1 1 
(91, 135) -1 -1 -1 
(91, 137) 1 1 1 
(91, 138) 1 1 1 
(92, 98) 1 1 1 
(92, 100) 1 1 1 
(92, 102) 1 1 1 
(92, 103) 1 1 1 
(92, 108) -1 -1 -1 
(92, 113) -1 -1 -1 
(92, 117) -1 -1 -1 
(92, 119) 1 1 1 
(92, 122) 1 1 1 
(92, 124) 1 1 1 
(92, 128) 1 1 1 
(92, 129) 1 1 1 
(92, 130) 1 1 1 
(92, 131) 1 1 1 
(92, 133) 1 1 1 
(92, 135) -1 -1 -1 
(92, 137) -1 -1 -1 
(92, 139) -1 -1 -1 
(92, 142) 1 1 1 
(92, 143) -1 -1 -1 
(92, 145) -1 -1 -1 
(92, 147) -1 -1 -1 
(93, 99) 1 1 1 
(93, 105) -1 -1 -1 
(93, 111) -1 -1 -1 
(93, 113) 1 1 1 
(93, 117) -1 -1 -1 
(93, 118) -1 -1 -1 
(93, 121) -1 -1 -1 
(93, 123) -1 -1 -1 
(93, 125) 1 1 1 
(93, 127) -1 -1 -1 
(93, 135) 1 1 1 
(93, 137) -1 -1 -1 
(93, 139) -1 -1 -1 
(93, 151) 1 1 1 
(94, 101) -1 -1 -1 
(94, 103) -1 -1 -1 
(94, 105) 1 1 1 
(94, 110) 1 1 1 
(94, 111) 1 1 1 
(94, 113) -1 -1 -1 
(94, 119) -1 -1 -1 
(94, 120) 1 1 1 
(94, 123) -1 -1 -1 
(94, 127) 1 1 1 
(94, 129) -1 -1 -1 
(94, 130) -1 -1 -1 
(94, 131) -1 -1 -1 
(94, 132) 1 1 1 
(94, 133) 1 1 1 
(94, 137) 1 1 1 
(94, 140) 1 1 1 
(94, 142) 1 1 1 
(94, 147) -1 -1 -1 
(94, 150) 1 1 1 
(95, 99) 1 1 1 
(95, 101) 1 1 1 
(95, 104) 1 1 1 
(95, 111) -1 -1 -1 
(95, 112) 1 1 1 
(95, 113) 1 1 1 
(95, 117) -1 -1 -1 
(95, 119) 1 1 1 
(95, 120) -1 -1 -1 
(95, 121) 1 1 1 
(95, 125) 1 1 1 
(95, 136) 1 1 1 
(95, 138) -1 -1 -1 
(95, 139) 1 1 1 
(95, 141) 1 1 1 
(95, 144) -1 -1 -1 
(95, 146) -1 -1 -1 
(95, 149) -1 -1 -1 
(95, 152) 1 1 1 
(95, 153) -1 -1 -1 
(96, 107) 1 1 1 
(96, 111) 1 1 1 
(96, 114) 1 1 1 
(96, 116) 1 1 1 
(96, 120) 1 1 1 
(96, 121) -1 -1 -1 
(96, 122) 1 1 1 
(96, 123) 1 1 1 
(96, 133) 1 1 1 
(96, 138) 1 1 1 
(96, 140) 1 1 1 
(96, 143) -1 -1 -1 
(96, 146) 1 1 1 
(96, 147) -1 -1 -1 
(96, 148) -1 -1 -1 
(96, 150) 1 1 1 
(96, 154) 1 1 1 
(96, 155) 1 1 1 
(96, 194) 1 1 1 
(97, 102) -1 -1 -1 
(97, 107) -1 -1 -1 
(97, 108) -1 -1 -1 
(97, 109) 1 1 1 
(97, 115) 1 1 1 
(97, 117) 1 1 1 
(97, 121) 1 1 1 
(97, 122) -1 -1 -1 
(97, 132) 1 1 1 
(97, 134) -1 -1 -1 
(97, 135) 1 1 1 
(97, 139) 1 1 1 
(97, 142) -1 -1 -1 
(97, 145) 1 1 1 
(97, 147) 1 1 1 
(97, 149) -1 -1 -1 
(97, 156) 1 1 1 
(98, 102) 1 1 1 
(98, 105) -1 -1 -1 
(98, 106) -1 -1 -1 
(98, 107) 1 1 1 
(98, 116) 1 1 1 
(98, 118) 1 1 1 
(98, 132) 1 1 1 
(98, 136) -1 -1 -1 
(98, 137) 1 1 1 
(98, 141) -1 -1 -1 
(98, 142) 1 1 1 
(98, 144) 1 1 1 
(98, 146) 1 1 1 
(98, 148) 1 1 1 
(98, 150) -1 -1 -1 
(98, 153) 1 1 1 
(98, 194) 1 1 1 
(99, 104) -1 -1 -1 
(99, 106) 1 1 1 
(99, 112) -1 -1 -1 
(99, 117) 1 1 1 
(99, 120) -1 -1 -1 
(99, 122) 1 1 1 
(99, 123) -1 -1 -1 
(99, 126) 1 1 1 
(99, 129) -1 -1 -1 
(99, 131) -1 -1 -1 
(99, 134) 1 1 1 
(99, 138) 1 1 1 
(99, 140) -1 -1 -1 
(99, 141) 1 1 1 
(99, 143) 1 1 1 
(99, 148) 1 1 1 
(99, 152) -1 -1 -1 
(99, 157) -1 -1 -1 
(99, 193) -1 -1 -1 
(100, 102) 1 1 1 
(100, 105) -1 -1 -1 
(100, 110) -1 -1 -1 
(100, 111) 1 1 1 
(100, 118) 1 1 1 
(100, 119) -1 -1 -1 
(100, 120) 1 1 1 
(100, 121) -1 -1 -1 
(100, 123) 1 1 1 
(100, 139) -1 -1 -1 
(100, 142) 1 1 1 
(100, 144) 1 1 1 
(100, 149) 1 1 1 
(100, 159) 1 1 1 
(100, 194) 1 1 1 
(101, 110) 1 1 1 
(101, 112) -1 -1 -1 
(101, 113) 1 1 1 
(101, 115) 1 1 1 
(101, 120) -1 -1 -1 
(101, 121) 1 1 1 
(101, 124) -1 -1 -1 
(101, 127) 1 1 1 
(101, 128) -1 -1 -1 
(101, 130) -1 -1 -1 
(101, 133) 1 1 1 
(101, 143) 1 1 1 
(101, 148) -1 -1 -1 
(101, 151) 1 1 1 
(101, 154) 1 1 1 
(101, 158) -1 -1 -1 
(101, 160) -1 -1 -1 
(101, 163) 1 1 1 
(101, 191) 1 1 1 
(102, 103) -1 -1 -1 
(102, 104) 1 1 1 
(102, 107) -1 -1 -1 
(102, 108) 1 1 1 
(102, 111) -1 -1 -1 
(102, 114) 1 1 1 
(102, 115) -1 -1 -1 
(102, 116) 1 1 1 
(102, 117) -1 -1 -1 
(102, 121) -1 -1 -1 
(102, 125) -1 -1 -1 
(102, 130) -1 -1 -1 
(102, 135) -1 -1 -1 
(102, 144) 1 1 1 
(102, 147) -1 -1 -1 
(102, 149) 1 1 1 
(102, 153) -1 -1 -1 
(102, 157) 1 1 1 
(102, 158) 1 1 1 
(103, 101) 1 1 1 
(103, 106) -1 -1 -1 
(103, 107) 1 1 1 
(103, 108) -1 -1 -1 
(103, 110) 1 1 1 
(103, 115) 1 1 1 
(103, 117) 1 1 1 
(103, 118) -1 -1 -1 
(103, 119) 1 1 1 
(103, 120) -1 -1 -1 
(103, 128) 1 1 1 
(103, 130) 1 1 1 
(103, 132) 1 1 1 
(103, 133) 1 1 1 
(103, 140) -1 -1 -1 
(103, 142) -1 -1 -1 
(103, 143) 1 1 1 
(103, 148) -1 -1 -1 
(103, 154) 1 1 1 
(103, 156) -1 -1 -1 
(103, 160) 1 1 1 
(103, 163) -1 -1 -1 
(103, 166) -1 -1 -1 
(103, 192) -1 -1 -1 
(103, 193) -1 -1 -1 
(103, 194) -1 -1 -1 
(104, 103) -1 -1 -1 
(104, 107) -1 -1 -1 
(104, 108) -1 -1 -1 
(104, 116) 1 1 1 
(104, 118) 1 1 1 
(104, 126) -1 -1 -1 
(104, 129) -1 -1 -1 
(104, 131) -1 -1 -1 
(104, 134) -1 -1 -1 
(104, 135) 1 1 1 
(104, 138) -1 -1 -1 
(104, 141) -1 -1 -1 
(104, 145) -1 -1 -1 
(104, 147) -1 -1 -1 
(104, 149) 1 1 1 
(104, 152) 1 1 1 
(104, 153) -1 -1 -1 
(104, 156) 1 1 1 
(104, 157) -1 -1 -1 
(104, 159) -1 -1 -1 
(104, 164) 1 1 1 
(104, 166) 1 1 1 
(104, 169) 1 1 1 
(104, 188) 1 1 1 
(104, 189) -1 -1 -1 
(104, 194) 1 1 1 
(105, 102) -1 -1 -1 
(105, 103) 1 1 1 
(105, 105) 1 1 1 
(105, 106) -1 -1 -1 
(105, 107) 1 1 1 
(105, 111) 1 1 1 
(105, 115) 1 1 1 
(105, 119) 1 1 1 
(105, 120) -1 -1 -1 
(105, 123) 1 1 1 
(105, 127) 1 1 1 
(105, 129) 1 1 1 
(105, 132) 1 1 1 
(105, 140) -1 -1 -1 
(105, 144) -1 -1 -1 
(105, 145) 1 1 1 
(105, 148) -1 -1 -1 
(105, 153) 1 1 1 
(105, 154) -1 -1 -1 
(105, 158) 1 1 1 
(105, 159) 1 1 1 
(105, 160) -1 -1 -1 
(105, 165) -1 -1 -1 
(105, 168) 1 1 1 
(105, 171) -1 -1 -1 
(105, 175) 1 1 1 
(105, 183) 1 1 1 
(105, 186) -1 -1 -1 
(105, 187) -1 -1 -1 
(105, 189) 1 1 1 
(105, 190) -1 -1 -1 
(105, 191) 1 1 1 
(106, 105) 1 1 1 
(106, 106) 1 1 1 
(106, 111) -1 -1 -1 
(106, 115) 1 1 1 
(106, 122) -1 -1 -1 
(106, 125) 1 1 1 
(106, 126) -1 -1 -1 
(106, 127) -1 -1 -1 
(106, 128) -1 -1 -1 
(106, 130) -1 -1 -1 
(106, 133) -1 -1 -1 
(106, 134) 1 1 1 
(106, 141) -1 -1 -1 
(106, 144) 1 1 1 
(106, 148) 1 1 1 
(106, 149) -1 -1 -1 
(106, 152) -1 -1 -1 
(106, 156) -1 -1 -1 
(106, 161) 1 1 1 
(106, 163) -1 -1 -1 
(106, 164) -1 -1 -1 
(106, 167) -1 -1 -1 
(106, 170) -1 -1 -1 
(106, 174) 1 1 1 
(106, 177) -1 -1 -1 
(106, 179) 1 1 1 
(106, 182) -1 -1 -1 
(106, 185) 1 1 1 
(106, 187) 1 1 1 
(106, 188) -1 -1 -1 
(106, 193) 1 1 1 
(107, 105) 1 1 1 
(107, 111) 1 1 1 
(107, 112) -1 -1 -1 
(107, 120) -1 -1 -1 
(107, 128) 1 1 1 
(107, 135) -1 -1 -1 
(107, 136) -1 -1 -1 
(107, 143) 1 1 1 
(107, 153) 1 1 1 
(107, 157) 1 1 1 
(107, 158) -1 -1 -1 
(107, 160) -1 -1 -1 
(107, 163) 1 1 1 
(107, 165) 1 1 1 
(107, 167) 1 1 1 
(107, 168) 1 1 1 
(107, 170) 1 1 1 
(107, 171) 1 1 1 
(107, 179) 1 1 1 
(107, 181) -1 -1 -1 
(107, 182) 1 1 1 
(107, 187) 1 1 1 
(107, 189) -1 -1 -1 
(107, 191) -1 -1 -1 
(108, 104) 1 1 1 
(108, 106) 1 1 1 
(108, 112) 1 1 1 
(108, 114) 1 1 1 
(108, 116) 1 1 1 
(108, 117) -1 -1 -1 
(108, 119) -1 -1 -1 
(108, 123) -1 -1 -1 
(108, 126) 1 1 1 
(108, 127) -1 -1 -1 
(108, 129) -1 -1 -1 
(108, 131) -1 -1 -1 
(108, 132) -1 -1 -1 
(108, 138) -1 -1 -1 
(108, 142) 1 1 1 
(108, 147) -1 -1 -1 
(108, 148) 1 1 1 
(108, 152) -1 -1 -1 
(108, 155) -1 -1 -1 
(108, 156) -1 -1 -1 
(108, 166) -1 -1 -1 
(108, 173) -1 -1 -1 
(108, 186) 1 1 1 
(109, 104) -1 -1 -1 
(109, 105) 1 1 1 
(109, 107) -1 -1 -1 
(109, 108) 1 1 1 
(109, 109) -1 -1 -1 
(109, 111) 1 1 1 
(109, 113) 1 1 1 
(109, 115) 1 1 1 
(109, 116) -1 -1 -1 
(109, 117) 1 1 1 
(109, 118) -1 -1 -1 
(109, 119) 1 1 1 
(109, 124) -1 -1 -1 
(109, 134) -1 -1 -1 
(109, 136) 1 1 1 
(109, 139) -1 -1 -1 
(109, 140) 1 1 1 
(109, 141) 1 1 1 
(109, 143) 1 1 1 
(109, 147) 1 1 1 
(109, 150) 1 1 1 
(109, 160) 1 1 1 
(109, 165) -1 -1 -1 
(109, 166) -1 -1 -1 
(109, 168) -1 -1 -1 
(109, 171) -1 -1 -1 
(109, 173) 1 1 1 
(109, 179) -1 -1 -1 
(109, 181) -1 -1 -1 
(109, 182) -1 -1 -1 
(109, 185) -1 -1 -1 
(109, 192) 1 1 1 
(109, 194) -1 -1 -1 
(110, 107) 1 1 1 
(110, 109) -1 -1 -1 
(110, 116) 1 1 1 
(110, 118) 1 1 1 
(110, 120) 1 1 1 
(110, 124) -1 -1 -1 
(110, 127) 1 1 1 
(110, 130) -1 -1 -1 
(110, 131) -1 -1 -1 
(110, 132) 1 1 1 
(110, 133) 1 1 1 
(110, 135) 1 1 1 
(110, 137) -1 -1 -1 
(110, 139) 1 1 1 
(110, 140) 1 1 1 
(110, 141) 1 1 1 
(110, 148) 1 1 1 
(110, 152) -1 -1 -1 
(110, 156) -1 -1 -1 
(110, 166) 1 1 1 
(110, 169) 1 1 1 
(110, 172) 1 1 1 
(110, 176) -1 -1 -1 
(110, 178) 1 1 1 
(110, 179) 1 1 1 
(110, 185) -1 -1 -1 
(110, 187) 1 1 1 
(110, 191) 1 1 1 
(110, 193) -1 -1 -1 
(111, 104) 1 1 1 
(111, 107) -1 -1 -1 
(111, 108) 1 1 1 
(111, 120) 1 1 1 
(111, 121) -1 -1 -1 
(111, 131) 1 1 1 
(111, 138) 1 1 1 
(111, 140) 1 1 1 
(111, 150) -1 -1 -1 
(111, 152) 1 1 1 
(111, 153) -1 -1 -1 
(111, 156) 1 1 1 
(111, 157) -1 -1 -1 
(111, 161) 1 1 1 
(111, 162) -1 -1 -1 
(111, 163) -1 -1 -1 
(111, 167) -1 -1 -1 
(111, 170) -1 -1 -1 
(111, 173) -1 -1 -1 
(111, 174) -1 -1 -1 
(111, 181) -1 -1 -1 
(111, 189) 1 1 1 
(111, 192) 1 1 1 
(111, 193) 1 1 1 
(112, 105) -1 -1 -1 
(112, 111) -1 -1 -1 
(112, 113) -1 -1 -1 
(112, 115) -1 -1 -1 
(112, 119) 1 1 1 
(112, 121) 1 1 1 
(112, 128) 1 1 1 
(112, 129) 1 1 1 
(112, 131) 1 1 1 
(112, 132) 1 1 1 
(112, 134) 1 1 1 
(112, 138) 1 1 1 
(112, 143) -1 -1 -1 
(112, 145) -1 -1 -1 
(112, 147) -1 -1 -1 
(112, 151) 1 1 1 
(112, 155) -1 -1 -1 
(112, 163) 1 1 1 
(112, 169) -1 -1 -1 
(112, 172) -1 -1 -1 
(112, 174) 1 1 1 
(112, 175) 1 1 1 
(112, 178) -1 -1 -1 
(112, 179) -1 -1 -1 
(112, 180) -1 -1 -1 
(112, 183) -1 -1 -1 
(112, 186) 1 1 1 
(112, 188) -1 -1 -1 
(112, 190) -1 -1 -1 
(113, 105) 1 1 1 
(113, 109) -1 -1 -1 
(113, 111) 1 1 1 
(113, 113) 1 1 1 
(113, 114) -1 -1 -1 
(113, 125) 1 1 1 
(113, 127) -1 -1 -1 
(113, 137) 1 1 1 
(113, 141) -1 -1 -1 
(113, 142) -1 -1 -1 
(113, 143) -1 -1 -1 
(113, 145) 1 1 1 
(113, 147) 1 1 1 
(113, 148) -1 -1 -1 
(113, 150) -1 -1 -1 
(113, 152) 1 1 1 
(113, 154) -1 -1 -1 
(113, 156) 1 1 1 
(113, 169) 1 1 1 
(113, 176) -1 -1 -1 
(113, 179) 1 1 1 
(113, 180) 1 1 1 
(113, 183) 1 1 1 
(113, 188) 1 1 1 
(113, 189) -1 -1 -1 
(113, 192) -1 -1 -1 
(114, 109) 1 1 1 
(114, 113) 1 1 1 
(114, 114) -1 -1 -1 
(114, 115) 1 1 1 
(114, 117) 1 1 1 
(114, 118) -1 -1 -1 
(114, 122) 1 1 1 
(114, 123) -1 -1 -1 
(114, 124) -1 -1 -1 
(114, 137) 1 1 1 
(114, 140) -1 -1 -1 
(114, 146) 1 1 1 
(114, 149) -1 -1 -1 
(114, 154) 1 1 1 
(114, 155) -1 -1 -1 
(114, 158) -1 -1 -1 
(114, 159) -1 -1 -1 
(114, 165) -1 -1 -1 
(114, 168) -1 -1 -1 
(114, 171) -1 -1 -1 
(114, 175) -1 -1 -1 
(114, 177) 1 1 1 
(114, 178) 1 1 1 
(114, 189) 1 1 1 
(114, 191) -1 -1 -1 
(114, 192) 1 1 1 
(115, 100) -1 -1 -1 
(115, 101) 1 1 1 
(115, 106) -1 -1 -1 
(115, 109) 1 1 1 
(115, 110) -1 -1 -1 
(115, 119) -1 -1 -1 
(115, 124) 1 1 1 
(115, 126) 1 1 1 
(115, 128) -1 -1 -1 
(115, 138) -1 -1 -1 
(115, 142) 1 1 1 
(115, 145) 1 1 1 
(115, 147) 1 1 1 
(115, 155) 1 1 1 
(115, 156) -1 -1 -1 
(115, 160) 1 1 1 
(115, 161) -1 -1 -1 
(115, 163) -1 -1 -1 
(115, 166) 1 1 1 
(115, 168) 1 1 1 
(115, 170) -1 -1 -1 
(115, 175) 1 1 1 
(115, 180) -1 -1 -1 
(115, 183) -1 -1 -1 
(115, 185) -1 -1 -1 
(115, 187) 1 1 1 
(115, 188) -1 -1 -1 
(115, 191) 1 1 1 
(115, 192) 1 1 1 
(115, 193) 1 1 1 
(116, 100) 1 1 1 
(116, 101) -1 -1 -1 
(116, 102) 1 1 1 
(116, 104) 1 1 1 
(116, 110) 1 1 1 
(116, 112) -1 -1 -1 
(116, 117) 1 1 1 
(116, 118) -1 -1 -1 
(116, 120) -1 -1 -1 
(116, 121) 1 1 1 
(116, 123) 1 1 1 
(116, 125) -1 -1 -1 
(116, 131) 1 1 1 
(116, 136) -1 -1 -1 
(116, 139) -1 -1 -1 
(116, 141) 1 1 1 
(116, 143) 1 1 1 
(116, 151) 1 1 1 
(116, 152) -1 -1 -1 
(116, 159) -1 -1 -1 
(116, 161) 1 1 1 
(116, 162) 1 1 1 
(116, 178) -1 -1 -1 
(116, 179) -1 -1 -1 
(116, 180) 1 1 1 
(116, 187) 1 1 1 
(116, 190) 1 1 1 
(117, 99) 1 1 1 
(117, 101) 1 1 1 
(117, 102) -1 -1 -1 
(117, 118) 1 1 1 
(117, 119) -1 -1 -1 
(117, 122) -1 -1 -1 
(117, 125) 1 1 1 
(117, 126) 1 1 1 
(117, 130) -1 -1 -1 
(117, 134) 1 1 1 
(117, 138) -1 -1 -1 
(117, 139) 1 1 1 
(117, 144) -1 -1 -1 
(117, 146) -1 -1 -1 
(117, 150) -1 -1 -1 
(117, 153) -1 -1 -1 
(117, 155) 1 1 1 
(117, 159) 1 1 1 
(117, 168) -1 -1 -1 
(117, 169) -1 -1 -1 
(117, 171) -1 -1 -1 
(117, 172) -1 -1 -1 
(117, 174) -1 -1 -1 
(117, 176) -1 -1 -1 
(117, 179) 1 1 1 
(117, 181) -1 -1 -1 
(117, 182) 1 1 1 
(117, 184) 1 1 1 
(117, 185) 1 1 1 
(117, 189) -1 -1 -1 
(118, 98) -1 -1 -1 
(118, 99) 1 1 1 
(118, 102) -1 -1 -1 
(118, 121) -1 -1 -1 
(118, 122) 1 1 1 
(118, 133) -1 -1 -1 
(118, 135) -1 -1 -1 
(118, 138) 1 1 1 
(118, 142) -1 -1 -1 
(118, 145) -1 -1 -1 
(118, 147) -1 -1 -1 
(118, 149) -1 -1 -1 
(118, 151) 1 1 1 
(118, 154) -1 -1 -1 
(118, 158) -1 -1 -1 
(118, 169) 1 1 1 
(118, 172) 1 1 1 
(118, 173) -1 -1 -1 
(118, 174) 1 1 1 
(118, 176) 1 1 1 
(118, 180) 1 1 1 
(118, 188) -1 -1 -1 
(119, 96) 1 1 1 
(119, 97) -1 -1 -1 
(119, 101) 1 1 1 
(119, 123) -1 -1 -1 
(119, 124) 1 1 1 
(119, 127) 1 1 1 
(119, 138) 1 1 1 
(119, 141) -1 -1 -1 
(119, 146) -1 -1 -1 
(119, 147) -1 -1 -1 
(119, 148) -1 -1 -1 
(119, 150) -1 -1 -1 
(119, 152) 1 1 1 
(119, 155) 1 1 1 
(119, 165) -1 -1 -1 
(119, 171) 1 1 1 
(119, 178) -1 -1 -1 
(119, 181) -1 -1 -1 
(119, 184) -1 -1 -1 
(119, 186) -1 -1 -1 
(119, 190) -1 -1 -1 
(120, 98) 1 1 1 
(120, 115) 1 1 1 
(120, 118) -1 -1 -1 
(120, 119) 1 1 1 
(120, 120) 1 1 1 
(120, 123) 1 1 1 
(120, 124) 1 1 1 
(120, 125) -1 -1 -1 
(120, 128) -1 -1 -1 
(120, 134) -1 -1 -1 
(120, 136) 1 1 1 
(120, 139) -1 -1 -1 
(120, 140) 1 1 1 
(120, 144) 1 1 1 
(120, 145) 1 1 1 
(120, 147) -1 -1 -1 
(120, 148) -1 -1 -1 
(120, 149) -1 -1 -1 
(120, 158) -1 -1 -1 
(120, 160) 1 1 1 
(120, 161) -1 -1 -1 
(120, 173) -1 -1 -1 
(120, 175) -1 -1 -1 
(120, 179) -1 -1 -1 
(120, 181) 1 1 1 
(120, 184) 1 1 1 
(120, 189) -1 -1 -1 
(121, 95) 1 1 1 
(121, 96) 1 1 1 
(121, 117) -1 -1 -1 
(121, 119) 1 1 1 
(121, 124) -1 -1 -1 
(121, 125) 1 1 1 
(121, 128) 1 1 1 
(121, 129) 1 1 1 
(121, 137) -1 -1 -1 
(121, 141) 1 1 1 
(121, 142) 1 1 1 
(121, 144) 1 1 1 
(121, 149) 1 1 1 
(121, 154) 1 1 1 
(121, 158) 1 1 1 
(121, 162) 1 1 1 
(121, 164) -1 -1 -1 
(121, 167) 1 1 1 
(121, 170) 1 1 1 
(121, 173) 1 1 1 
(121, 176) -1 -1 -1 
(121, 183) 1 1 1 
(121, 185) 1 1 1 
(121, 186) -1 -1 -1 
(121, 188) 1 1 1 
(121, 189) -1 -1 -1 
(122, 96) 1 1 1 
(122, 113) 1 1 1 
(122, 120) 1 1 1 
(122, 121) -1 -1 -1 
(122, 125) 1 1 1 
(122, 126) -1 -1 -1 
(122, 127) -1 -1 -1 
(122, 130) -1 -1 -1 
(122, 132) -1 -1 -1 
(122, 133) -1 -1 -1 
(122, 138) -1 -1 -1 
(122, 139) -1 -1 -1 
(122, 140) 1 1 1 
(122, 143) 1 1 1 
(122, 145) 1 1 1 
(122, 148) 1 1 1 
(122, 157) -1 -1 -1 
(122, 165) 1 1 1 
(122, 166) -1 -1 -1 
(122, 168) -1 -1 -1 
(122, 169) 1 1 1 
(122, 171) -1 -1 -1 
(122, 172) 1 1 1 
(122, 175) -1 -1 -1 
(122, 177) 1 1 1 
(122, 184) 1 1 1 
(122, 186) 1 1 1 
(122, 189) 1 1 1 
(123, 115) -1 -1 -1 
(123, 117) -1 -1 -1 
(123, 119) 1 1 1 
(123, 121) 1 1 1 
(123, 127) 1 1 1 
(123, 130) 1 1 1 
(123, 131) 1 1 1 
(123, 133) -1 -1 -1 
(123, 135) -1 -1 -1 
(123, 136) -1 -1 -1 
(123, 146) 1 1 1 
(123, 149) 1 1 1 
(123, 153) -1 -1 -1 
(123, 154) 1 1 1 
(123, 158) 1 1 1 
(123, 162) -1 -1 -1 
(123, 164) -1 -1 -1 
(123, 169) 1 1 1 
(123, 172) 1 1 1 
(123, 175) 1 1 1 
(123, 178) -1 -1 -1 
(123, 183) -1 -1 -1 
(123, 185) -1 -1 -1 
(123, 190) -1 -1 -1 
(123, 191) -1 -1 -1 
(124, 95) -1 -1 -1 
(124, 115) -1 -1 -1 
(124, 116) 1 1 1 
(124, 117) 1 1 1 
(124, 118) 1 1 1 
(124, 122) -1 -1 -1 
(124, 126) 1 1 1 
(124, 127) 1 1 1 
(124, 128) -1 -1 -1 
(124, 132) -1 -1 -1 
(124, 133) 1 1 1 
(124, 134) 1 1 1 
(124, 137) -1 -1 -1 
(124, 139) 1 1 1 
(124, 142) -1 -1 -1 
(124, 144) -1 -1 -1 
(124, 147) -1 -1 -1 
(124, 156) 1 1 1 
(124, 157) -1 -1 -1 
(124, 159) 1 1 1 
(124, 160) -1 -1 -1 
(124, 162) 1 1 1 
(124, 164) 1 1 1 
(124, 165) -1 -1 -1 
(124, 167) -1 -1 -1 
(124, 168) 1 1 1 
(124, 170) -1 -1 -1 
(124, 171) 1 1 1 
(124, 173) -1 -1 -1 
(124, 174) 1 1 1 
(124, 177) -1 -1 -1 
(124, 180) 1 1 1 
(124, 182) 1 1 1 
(124, 188) 1 1 1 
(124, 190) -1 -1 -1 
(124, 191) 1 1 1 
(125, 95) 1 1 1 
(125, 111) -1 -1 -1 
(125, 123) 1 1 1 
(125, 124) -1 -1 -1 
(125, 129) 1 1 1 
(125, 132) 1 1 1 
(125, 136) -1 -1 -1 
(125, 137) 1 1 1 
(125, 143) -1 -1 -1 
(125, 145) -1 -1 -1 
(125, 148) -1 -1 -1 
(125, 152) 1 1 1 
(125, 157) 1 1 1 
(125, 160) 1 1 1 
(125, 161) 1 1 1 
(125, 163) -1 -1 -1 
(125, 168) 1 1 1 
(125, 169) -1 -1 -1 
(125, 172) -1 -1 -1 
(125, 174) 1 1 1 
(125, 187) -1 -1 -1 
(126, 124) -1 -1 -1 
(126, 125) 1 1 1 
(126, 128) 1 1 1 
(126, 129) 1 1 1 
(126, 131) 1 1 1 
(126, 132) 1 1 1 
(126, 133) 1 1 1 
(126, 141) -1 -1 -1 
(126, 144) -1 -1 -1 
(126, 146) -1 -1 -1 
(126, 149) -1 -1 -1 
(126, 153) 1 1 1 
(126, 154) -1 -1 -1 
(126, 167) -1 -1 -1 
(126, 175) -1 -1 -1 
(126, 179) -1 -1 -1 
(126, 182) -1 -1 -1 
(126, 184) -1 -1 -1 
(126, 186) 1 1 1 
(126, 189) 1 1 1 
(127, 92) -1 -1 -1 
(127, 95) 1 1 1 
(127, 110) -1 -1 -1 
(127, 116) 1 1 1 
(127, 117) -1 -1 -1 
(127, 120) -1 -1 -1 
(127, 124) 1 1 1 
(127, 125) -1 -1 -1 
(127, 126) -1 -1 -1 
(127, 134) -1 -1 -1 
(127, 136) 1 1 1 
(127, 140) -1 -1 -1 
(127, 146) 1 1 1 
(127, 147) 1 1 1 
(127, 149) -1 -1 -1 
(127, 152) 1 1 1 
(127, 155) -1 -1 -1 
(127, 156) -1 -1 -1 
(127, 157) 1 1 1 
(127, 162) -1 -1 -1 
(127, 164) -1 -1 -1 
(127, 165) 1 1 1 
(127, 167) 1 1 1 
(127, 171) -1 -1 -1 
(127, 174) -1 -1 -1 
(127, 175) -1 -1 -1 
(127, 177) 1 1 1 
(127, 180) -1 -1 -1 
(127, 181) -1 -1 -1 
(127, 187) -1 -1 -1 
(128, 93) 1 1 1 
(128, 95) 1 1 1 
(128, 118) -1 -1 -1 
(128, 119) -1 -1 -1 
(128, 120) 1 1 1 
(128, 122) -1 -1 -1 
(128, 125) -1 -1 -1 
(128, 130) 1 1 1 
(128, 131) 1 1 1 
(128, 140) 1 1 1 
(128, 142) 1 1 1 
(128, 145) 1 1 1 
(128, 147) 1 1 1 
(128, 149) 1 1 1 
(128, 150) -1 -1 -1 
(128, 153) 1 1 1 
(128, 160) -1 -1 -1 
(128, 163) 1 1 1 
(128, 164) 1 1 1 
(128, 166) -1 -1 -1 
(128, 169) 1 1 1 
(128, 172) 1 1 1 
(128, 178) -1 -1 -1 
(128, 179) -1 -1 -1 
(128, 180) 1 1 1 
(128, 181) 1 1 1 
(128, 183) 1 1 1 
(128, 185) -1 -1 -1 
(128, 189) -1 -1 -1 
(129, 92) 1 1 1 
(129, 93) 1 1 1 
(129, 94) 1 1 1 
(129, 109) 1 1 1 
(129, 119) 1 1 1 
(129, 120) 1 1 1 
(129, 121) -1 -1 -1 
(129, 122) 1 1 1 
(129, 125) 1 1 1 
(129, 127) -1 -1 -1 
(129, 128) -1 -1 -1 
(129, 132) -1 -1 -1 
(129, 140) 1 1 1 
(129, 148) 1 1 1 
(129, 151) -1 -1 -1 
(129, 155) 1 1 1 
(129, 158) -1 -1 -1 
(129, 161) 1 1 1 
(129, 162) -1 -1 -1 
(129, 164) 1 1 1 
(129, 166) 1 1 1 
(129, 170) -1 -1 -1 
(129, 173) -1 -1 -1 
(129, 176) -1 -1 -1 
(129, 177) -1 -1 -1 
(129, 178) 1 1 1 
(129, 179) 1 1 1 
(129, 186) 1 1 1 
(129, 189) 1 1 1 
(130, 117) 1 1 1 
(130, 118) 1 1 1 
(130, 120) -1 -1 -1 
(130, 122) 1 1 1 
(130, 123) -1 -1 -1 
(130, 127) -1 -1 -1 
(130, 136) -1 -1 -1 
(130, 137) 1 1 1 
(130, 141) -1 -1 -1 
(130, 144) 1 1 1 
(130, 151) 1 1 1 
(130, 152) -1 -1 -1 
(130, 154) -1 -1 -1 
(130, 156) 1 1 1 
(130, 159) 1 1 1 
(130, 160) -1 -1 -1 
(130, 162) 1 1 1 
(130, 165) -1 -1 -1 
(130, 168) 1 1 1 
(130, 170) 1 1 1 
(130, 171) 1 1 1 
(130, 173) 1 1 1 
(130, 174) 1 1 1 
(130, 178) 1 1 1 
(130, 182) -1 -1 -1 
(130, 185) -1 -1 -1 
(130, 187) -1 -1 -1 
(130, 189) -1 -1 -1 
(131, 108) 1 1 1 
(131, 116) -1 -1 -1 
(131, 124) 1 1 1 
(131, 127) 1 1 1 
(131, 129) -1 -1 -1 
(131, 130) -1 -1 -1 
(131, 133) 1 1 1 
(131, 141) -1 -1 -1 
(131, 142) -1 -1 -1 
(131, 145) -1 -1 -1 
(131, 147) -1 -1 -1 
(131, 150) 1 1 1 
(131, 152) 1 1 1 
(131, 153) -1 -1 -1 
(131, 155) 1 1 1 
(131, 160) 1 1 1 
(131, 163) -1 -1 -1 
(131, 166) 1 1 1 
(131, 167) -1 -1 -1 
(131, 169) -1 -1 -1 
(131, 172) -1 -1 -1 
(131, 173) 1 1 1 
(131, 175) -1 -1 -1 
(131, 178) 1 1 1 
(131, 189) -1 -1 -1 
(132, 123) 1 1 1 
(132, 129) -1 -1 -1 
(132, 134) -1 -1 -1 
(132, 139) -1 -1 -1 
(132, 140) -1 -1 -1 
(132, 146) -1 -1 -1 
(132, 148) -1 -1 -1 
(132, 151) 1 1 1 
(132, 154) -1 -1 -1 
(132, 163) 1 1 1 
(132, 164) -1 -1 -1 
(132, 167) 1 1 1 
(132, 169) 1 1 1 
(132, 170) 1 1 1 
(132, 172) -1 -1 -1 
(132, 175) 1 1 1 
(132, 176) 1 1 1 
(132, 179) -1 -1 -1 
(132, 180) 1 1 1 
(132, 182) 1 1 1 
(132, 184) 1 1 1 
(132, 188) 1 1 1 
(133, 90) 1 1 1 
(133, 92) -1 -1 -1 
(133, 93) -1 -1 -1 
(133, 122) -1 -1 -1 
(133, 126) 1 1 1 
(133, 130) 1 1 1 
(133, 131) 1 1 1 
(133, 137) -1 -1 -1 
(133, 138) -1 -1 -1 
(133, 141) -1 -1 -1 
(133, 142) 1 1 1 
(133, 143) 1 1 1 
(133, 144) 1 1 1 
(133, 145) 1 1 1 
(133, 147) -1 -1 -1 
(133, 148) -1 -1 -1 
(133, 149) -1 -1 -1 
(133, 158) 1 1 1 
(133, 159) -1 -1 -1 
(133, 162) -1 -1 -1 
(133, 165) 1 1 1 
(133, 168) -1 -1 -1 
(133, 177) -1 -1 -1 
(133, 178) 1 1 1 
(133, 183) 1 1 1 
(133, 186) -1 -1 -1 
(134, 90) -1 -1 -1 
(134, 91) -1 -1 -1 
(134, 115) -1 -1 -1 
(134, 119) 1 1 1 
(134, 120) -1 -1 -1 
(134, 121) -1 -1 -1 
(134, 125) 1 1 1 
(134, 132) -1 -1 -1 
(134, 134) -1 -1 -1 
(134, 135) 1 1 1 
(134, 139) -1 -1 -1 
(134, 140) 1 1 1 
(134, 141) 1 1 1 
(134, 144) 1 1 1 
(134, 146) 1 1 1 
(134, 150) -1 -1 -1 
(134, 154) 1 1 1 
(134, 155) -1 -1 -1 
(134, 157) -1 -1 -1 
(134, 160) -1 -1 -1 
(134, 163) 1 1 1 
(134, 164) -1 -1 -1 
(134, 166) -1 -1 -1 
(134, 172) -1 -1 -1 
(134, 173) -1 -1 -1 
(134, 175) 1 1 1 
(134, 179) -1 -1 -1 
(134, 186) -1 -1 -1 
(134, 187) 1 1 1 
(135, 117) -1 -1 -1 
(135, 121) 1 1 1 
(135, 123) -1 -1 -1 
(135, 128) 1 1 1 
(135, 132) 1 1 1 
(135, 133) 1 1 1 
(135, 136) -1 -1 -1 
(135, 137) -1 -1 -1 
(135, 138) 1 1 1 
(135, 147) 1 1 1 
(135, 148) 1 1 1 
(135, 150) 1 1 1 
(135, 151) -1 -1 -1 
(135, 153) -1 -1 -1 
(135, 155) 1 1 1 
(135, 158) 1 1 1 
(135, 159) 1 1 1 
(135, 161) 1 1 1 
(135, 162) -1 -1 -1 
(135, 164) 1 1 1 
(135, 166) -1 -1 -1 
(135, 177) 1 1 1 
(135, 180) -1 -1 -1 
(135, 182) -1 -1 -1 
(136, 90) -1 -1 -1 
(136, 91) 1 1 1 
(136, 92) 1 1 1 
(136, 120) 1 1 1 
(136, 121) -1 -1 -1 
(136, 122) -1 -1 -1 
(136, 129) -1 -1 -1 
(136, 130) -1 -1 -1 
(136, 133) 1 1 1 
(136, 148) 1 1 1 
(136, 149) 1 1 1 
(136, 152) -1 -1 -1 
(136, 154) 1 1 1 
(136, 156) 1 1 1 
(136, 157) -1 -1 -1 
(136, 159) 1 1 1 
(136, 160) -1 -1 -1 
(136, 165) -1 -1 -1 
(136, 166) 1 1 1 
(136, 170) 1 1 1 
(136, 172) 1 1 1 
(136, 175) 1 1 1 
(136, 184) -1 -1 -1 
(136, 186) -1 -1 -1 
(137, 116) -1 -1 -1 
(137, 123) 1 1 1 
(137, 124) -1 -1 -1 
(137, 125) -1 -1 -1 
(137, 130) 1 1 1 
(137, 131) 1 1 1 
(137, 134) -1 -1 -1 
(137, 135) -1 -1 -1 
(137, 137) 1 1 1 
(137, 143) -1 -1 -1 
(137, 146) -1 -1 -1 
(137, 149) 1 1 1 
(137, 151) 1 1 1 
(137, 158) 1 1 1 
(137, 160) 1 1 1 
(137, 163) -1 -1 -1 
(137, 165) 1 1 1 
(137, 166) 1 1 1 
(137, 174) -1 -1 -1 
(137, 176) -1 -1 -1 
(137, 181) 1 1 1 
(137, 184) 1 1 1 
(138, 90) -1 -1 -1 
(138, 92) -1 -1 -1 
(138, 124) -1 -1 -1 
(138, 125) 1 1 1 
(138, 129) 1 1 1 
(138, 130) 1 1 1 
(138, 131) 1 1 1 
(138, 134) 1 1 1 
(138, 135) 1 1 1 
(138, 142) -1 -1 -1 
(138, 144) -1 -1 -1 
(138, 145) -1 -1 -1 
(138, 150) 1 1 1 
(138, 161) -1 -1 -1 
(138, 163) 1 1 1 
(138, 164) -1 -1 -1 
(138, 169) 1 1 1 
(138, 171) 1 1 1 
(138, 172) 1 1 1 
(138, 174) 1 1 1 
(138, 179) 1 1 1 
(138, 186) -1 -1 -1 
(139, 89) 1 1 1 
(139, 118) -1 -1 -1 
(139, 124) 1 1 1 
(139, 126) -1 -1 -1 
(139, 127) -1 -1 -1 
(139, 132) -1 -1 -1 
(139, 136) 1 1 1 
(139, 140) -1 -1 -1 
(139, 144) 1 1 1 
(139, 145) 1 1 1 
(139, 146) -1 -1 -1 
(139, 148) -1 -1 -1 
(139, 153) 1 1 1 
(139, 156) -1 -1 -1 
(139, 158) 1 1 1 
(139, 159) -1 -1 -1 
(139, 161) 1 1 1 
(139, 162) -1 -1 -1 
(139, 165) 1 1 1 
(139, 168) -1 -1 -1 
(139, 175) -1 -1 -1 
(139, 177) 1 1 1 
(140, 88) -1 -1 -1 
(140, 123) -1 -1 -1 
(140, 126) -1 -1 -1 
(140, 127) 1 1 1 
(140, 128) 1 1 1 
(140, 132) 1 1 1 
(140, 137) -1 -1 -1 
(140, 139) 1 1 1 
(140, 142) 1 1 1 
(140, 145) 1 1 1 
(140, 146) 1 1 1 
(140, 148) 1 1 1 
(140, 149) -1 -1 -1 
(140, 152) 1 1 1 
(140, 154) 1 1 1 
(140, 155) -1 -1 -1 
(140, 157) 1 1 1 
(140, 163) 1 1 1 
(140, 170) 1 1 1 
(140, 171) 1 1 1 
(140, 178) -1 -1 -1 
(140, 180) -1 -1 -1 
(140, 185) -1 -1 -1 
(141, 88) -1 -1 -1 
(141, 91) 1 1 1 
(141, 119) -1 -1 -1 
(141, 120) -1 -1 -1 
(141, 125) 1 1 1 
(141, 126) 1 1 1 
(141, 129) -1 -1 -1 
(141, 130) -1 -1 -1 
(141, 137) -1 -1 -1 
(141, 147) 1 1 1 
(141, 155) 1 1 1 
(141, 156) -1 -1 -1 
(141, 160) -1 -1 -1 
(141, 161) 1 1 1 
(141, 162) 1 1 1 
(141, 168) -1 -1 -1 
(141, 173) -1 -1 -1 
(141, 176) 1 1 1 
(141, 180) -1 -1 -1 
(141, 181) -1 -1 -1 
(141, 184) 1 1 1 
(142, 89) -1 -1 -1 
(142, 91) -1 -1 -1 
(142, 104) -1 -1 -1 
(142, 119) -1 -1 -1 
(142, 122) 1 1 1 
(142, 123) -1 -1 -1 
(142, 125) 1 1 1 
(142, 129) -1 -1 -1 
(142, 135) -1 -1 -1 
(142, 137) 1 1 1 
(142, 141) -1 -1 -1 
(142, 142) 1 1 1 
(142, 156) 1 1 1 
(142, 164) 1 1 1 
(142, 169) 1 1 1 
(142, 174) 1 1 1 
(142, 177) -1 -1 -1 
(142, 181) 1 1 1 
(142, 184) 1 1 1 
(143, 88) -1 -1 -1 
(143, 90) 1 1 1 
(143, 124) 1 1 1 
(143, 125) 1 1 1 
(143, 131) 1 1 1 
(143, 134) 1 1 1 
(143, 138) -1 -1 -1 
(143, 139) 1 1 1 
(143, 145) -1 -1 -1 
(143, 150) -1 -1 -1 
(143, 151) 1 1 1 
(143, 154) -1 -1 -1 
(143, 156) 1 1 1 
(143, 157) 1 1 1 
(143, 159) 1 1 1 
(143, 162) 1 1 1 
(143, 170) -1 -1 -1 
(143, 172) -1 -1 -1 
(143, 173) -1 -1 -1 
(143, 177) -1 -1 -1 
(143, 178) 1 1 1 
(143, 181) 1 1 1 
(143, 182) 1 1 1 
(144, 87) -1 -1 -1 
(144, 88) 1 1 1 
(144, 90) 1 1 1 
(144, 128) 1 1 1 
(144, 132) -1 -1 -1 
(144, 135) -1 -1 -1 
(144, 136) 1 1 1 
(144, 140) -1 -1 -1 
(144, 146) -1 -1 -1 
(144, 149) -1 -1 -1 
(144, 155) 1 1 1 
(144, 157) 1 1 1 
(144, 158) -1 -1 -1 
(144, 160) 1 1 1 
(144, 167) -1 -1 -1 
(144, 168) 1 1 1 
(144, 173) 1 1 1 
(144, 175) -1 -1 -1 
(144, 179) 1 1 1 
(144, 181) 1 1 1 
(144, 182) 1 1 1 
(144, 183) -1 -1 -1 
(144, 184) 1 1 1 
(145, 122) -1 -1 -1 
(145, 127) 1 1 1 
(145, 128) 1 1 1 
(145, 132) 1 1 1 
(145, 133) 1 1 1 
(145, 137) -1 -1 -1 
(145, 140) 1 1 1 
(145, 143) 1 1 1 
(145, 144) 1 1 1 
(145, 152) -1 -1 -1 
(145, 154) 1 1 1 
(145, 163) -1 -1 -1 
(145, 168) 1 1 1 
(145, 171) -1 -1 -1 
(145, 172) -1 -1 -1 
(145, 173) 1 1 1 
(145, 177) 1 1 1 
(145, 179) 1 1 1 
(145, 180) 1 1 1 
(145, 181) 1 1 1 
(145, 182) 1 1 1 
(146, 90) -1 -1 -1 
(146, 91) -1 -1 -1 
(146, 103) -1 -1 -1 
(146, 121) -1 -1 -1 
(146, 128) -1 -1 -1 
(146, 129) -1 -1 -1 
(146, 130) -1 -1 -1 
(146, 134) 1 1 1 
(146, 140) 1 1 1 
(146, 144) 1 1 1 
(146, 149) 1 1 1 
(146, 155) 1 1 1 
(146, 156) -1 -1 -1 
(146, 158) 1 1 1 
(146, 161) 1 1 1 
(146, 166) -1 -1 -1 
(146, 169) -1 -1 -1 
(146, 174) -1 -1 -1 
(146, 175) 1 1 1 
(146, 177) 1 1 1 
(146, 180) -1 -1 -1 
(146, 181) -1 -1 -1 
(146, 182) 1 1 1 
(147, 123) -1 -1 -1 
(147, 124) -1 -1 -1 
(147, 130) 1 1 1 
(147, 131) 1 1 1 
(147, 135) -1 -1 -1 
(147, 137) 1 1 1 
(147, 141) -1 -1 -1 
(147, 145) 1 1 1 
(147, 147) -1 -1 -1 
(147, 148) 1 1 1 
(147, 150) 1 1 1 
(147, 151) -1 -1 -1 
(147, 153) -1 -1 -1 
(147, 156) 1 1 1 
(147, 157) -1 -1 -1 
(147, 159) 1 1 1 
(147, 160) -1 -1 -1 
(147, 167) 1 1 1 
(147, 169) 1 1 1 
(147, 174) -1 -1 -1 
(148, 122) -1 -1 -1 
(148, 123) -1 -1 -1 
(148, 128) 1 1 1 
(148, 129) 1 1 1 
(148, 130) 1 1 1 
(148, 134) 1 1 1 
(148, 135) 1 1 1 
(148, 142) -1 -1 -1 
(148, 151) 1 1 1 
(148, 162) -1 -1 -1 
(148, 165) 1 1 1 
(148, 166) 1 1 1 
(148, 168) -1 -1 -1 
(148, 170) -1 -1 -1 
(148, 174) 1 1 1 
(148, 176) 1 1 1 
(148, 179) -1 -1 -1 
(149, 89) 1 1 1 
(149, 123) 1 1 1 
(149, 125) -1 -1 -1 
(149, 126) -1 -1 -1 
(149, 131) -1 -1 -1 
(149, 132) -1 -1 -1 
(149, 136) 1 1 1 
(149, 140) -1 -1 -1 
(149, 143) -1 -1 -1 
(149, 144) -1 -1 -1 
(149, 146) -1 -1 -1 
(149, 152) 1 1 1 
(149, 155) -1 -1 -1 
(149, 158) -1 -1 -1 
(149, 160) 1 1 1 
(149, 164) -1 -1 -1 
(149, 168) -1 -1 -1 
(149, 173) -1 -1 -1 
(149, 174) 1 1 1 
(149, 178) -1 -1 -1 
(149, 181) 1 1 1 
(150, 87) -1 -1 -1 
(150, 89) -1 -1 -1 
(150, 90) 1 1 1 
(150, 125) -1 -1 -1 
(150, 138) -1 -1 -1 
(150, 147) -1 -1 -1 
(150, 150) -1 -1 -1 
(150, 158) 1 1 1 
(150, 159) -1 -1 -1 
(150, 166) 1 1 1 
(150, 168) 1 1 1 
(151, 89) -1 -1 -1 
(151, 125) 1 1 1 
(151, 128) -1 -1 -1 
(151, 129) -1 -1 -1 
(151, 140) 1 1 1 
(151, 141) 1 1 1 
(151, 144) 1 1 1 
(151, 145) 1 1 1 
(151, 147) 1 1 1 
(151, 151) -1 -1 -1 
(151, 155) 1 1 1 
(151, 156) -1 -1 -1 
(151, 161) -1 -1 -1 
(151, 162) -1 -1 -1 
(151, 166) 1 1 1 
(151, 167) -1 -1 -1 
(151, 169) -1 -1 -1 
(151, 171) 1 1 1 
(151, 176) -1 -1 -1 
(152, 86) 1 1 1 
(152, 88) -1 -1 -1 
(152, 89) -1 -1 -1 
(152, 92) -1 -1 -1 
(152, 128) -1 -1 -1 
(152, 135) -1 -1 -1 
(152, 137) 1 1 1 
(152, 145) 1 1 1 
(152, 150) 1 1 1 
(152, 154) 1 1 1 
(152, 157) -1 -1 -1 
(152, 160) -1 -1 -1 
(152, 164) 1 1 1 
(152, 165) -1 -1 -1 
(152, 167) -1 -1 -1 
(152, 172) -1 -1 -1 
(152, 173) 1 1 1 
(152, 175) -1 -1 -1 
(152, 176) -1 -1 -1 
(152, 178) -1 -1 -1 
(153, 86) 1 1 1 
(153, 89) 1 1 1 
(153, 102) 1 1 1 
(153, 128) 1 1 1 
(153, 129) -1 -1 -1 
(153, 130) 1 1 1 
(153, 134) 1 1 1 
(153, 138) -1 -1 -1 
(153, 139) -1 -1 -1 
(153, 143) -1 -1 -1 
(153, 151) 1 1 1 
(153, 160) -1 -1 -1 
(153, 162) 1 1 1 
(153, 163) -1 -1 -1 
(153, 165) -1 -1 -1 
(153, 167) 1 1 1 
(153, 177) -1 -1 -1 
(153, 178) -1 -1 -1 
(154, 86) 1 1 1 
(154, 89) -1 -1 -1 
(154, 90) 1 1 1 
(154, 101) -1 -1 -1 
(154, 131) -1 -1 -1 
(154, 135) -1 -1 -1 
(154, 136) 1 1 1 
(154, 140) -1 -1 -1 
(154, 144) -1 -1 -1 
(154, 147) -1 -1 -1 
(154, 149) -1 -1 -1 
(154, 150) 1 1 1 
(154, 152) 1 1 1 
(154, 153) -1 -1 -1 
(154, 157) 1 1 1 
(154, 158) -1 -1 -1 
(154, 160) 1 1 1 
(154, 161) -1 -1 -1 
(154, 163) -1 -1 -1 
(154, 167) 1 1 1 
(154, 168) 1 1 1 
(154, 169) 1 1 1 
(154, 170) 1 1 1 
(154, 172) 1 1 1 
(154, 176) 1 1 1 
(154, 177) 1 1 1 
(154, 178) -1 -1 -1 
(155, 87) 1 1 1 
(155, 88) -1 -1 -1 
(155, 92) -1 -1 -1 
(155, 93) -1 -1 -1 
(155, 127) 1 1 1 
(155, 131) 1 1 1 
(155, 132) 1 1 1 
(155, 133) 1 1 1 
(155, 137) -1 -1 -1 
(155, 138) -1 -1 -1 
(155, 141) 1 1 1 
(155, 143) 1 1 1 
(155, 145) -1 -1 -1 
(155, 153) 1 1 1 
(155, 158) -1 -1 -1 
(155, 161) -1 -1 -1 
(155, 163) 1 1 1 
(155, 166) -1 -1 -1 
(155, 171) 1 1 1 
(155, 172) 1 1 1 
(155, 173) -1 -1 -1 
(155, 177) -1 -1 -1 
(156, 90) 1 1 1 
(156, 92) -1 -1 -1 
(156, 93) 1 1 1 
(156, 94) -1 -1 -1 
(156, 101) 1 1 1 
(156, 128) -1 -1 -1 
(156, 129) -1 -1 -1 
(156, 134) 1 1 1 
(156, 138) 1 1 1 
(156, 140) 1 1 1 
(156, 141) 1 1 1 
(156, 142) 1 1 1 
(156, 144) 1 1 1 
(156, 148) -1 -1 -1 
(156, 153) 1 1 1 
(156, 154) -1 -1 -1 
(156, 156) -1 -1 -1 
(156, 158) -1 -1 -1 
(156, 159) -1 -1 -1 
(156, 164) -1 -1 -1 
(156, 166) -1 -1 -1 
(156, 170) -1 -1 -1 
(156, 171) 1 1 1 
(156, 173) -1 -1 -1 
(156, 174) -1 -1 -1 
(157, 87) -1 -1 -1 
(157, 88) 1 1 1 
(157, 89) -1 -1 -1 
(157, 128) -1 -1 -1 
(157, 135) -1 -1 -1 
(157, 137) 1 1 1 
(157, 138) 1 1 1 
(157, 141) 1 1 1 
(157, 142) 1 1 1 
(157, 148) 1 1 1 
(157, 149) -1 -1 -1 
(157, 154) 1 1 1 
(157, 155) -1 -1 -1 
(157, 161) 1 1 1 
(157, 162) -1 -1 -1 
(157, 164) -1 -1 -1 
(157, 166) 1 1 1 
(157, 170) -1 -1 -1 
(157, 171) 1 1 1 
(157, 174) -1 -1 -1 
(158, 94) 1 1 1 
(158, 95) 1 1 1 
(158, 129) 1 1 1 
(158, 130) 1 1 1 
(158, 146) 1 1 1 
(158, 147) 1 1 1 
(158, 148) 1 1 1 
(158, 150) -1 -1 -1 
(158, 152) -1 -1 -1 
(158, 154) 1 1 1 
(158, 155) 1 1 1 
(158, 157) -1 -1 -1 
(158, 160) -1 -1 -1 
(158, 166) 1 1 1 
(158, 168) 1 1 1 
(158, 170) -1 -1 -1 
(158, 171) 1 1 1 
(158, 174) 1 1 1 
(159, 89) 1 1 1 
(159, 90) 1 1 1 
(159, 91) 1 1 1 
(159, 101) 1 1 1 
(159, 131) -1 -1 -1 
(159, 132) -1 -1 -1 
(159, 133) -1 -1 -1 
(159, 134) 1 1 1 
(159, 139) -1 -1 -1 
(159, 143) -1 -1 -1 
(159, 147) 1 1 1 
(159, 149) 1 1 1 
(159, 153) 1 1 1 
(159, 155) 1 1 1 
(159, 156) -1 -1 -1 
(159, 157) -1 -1 -1 
(159, 160) -1 -1 -1 
(159, 162) 1 1 1 
(159, 165) -1 -1 -1 
(159, 168) 1 1 1 
(159, 174) -1 -1 -1 
(159, 175) -1 -1 -1 
(160, 91) 1 1 1 
(160, 92) 1 1 1 
(160, 93) 1 1 1 
(160, 94) 1 1 1 
(160, 101) -1 -1 -1 
(160, 131) -1 -1 -1 
(160, 132) -1 -1 -1 
(160, 136) 1 1 1 
(160, 140) -1 -1 -1 
(160, 143) -1 -1 -1 
(160, 144) -1 -1 -1 
(160, 147) 1 1 1 
(160, 158) -1 -1 -1 
(160, 160) -1 -1 -1 
(160, 163) -1 -1 -1 
(160, 165) -1 -1 -1 
(160, 167) -1 -1 -1 
(160, 171) 1 1 1 
(160, 174) -1 -1 -1 
(161, 90) 1 1 1 
(161, 91) 1 1 1 
(161, 95) 1 1 1 
(161, 96) 1 1 1 
(161, 131) -1 -1 -1 
(161, 141) -1 -1 -1 
(161, 142) -1 -1 -1 
(161, 145) -1 -1 -1 
(161, 150) -1 -1 -1 
(161, 151) 1 1 1 
(161, 152) 1 1 1 
(161, 157) -1 -1 -1 
(161, 160) 1 1 1 
(161, 161) -1 -1 -1 
(161, 163) -1 -1 -1 
(161, 166) -1 -1 -1 
(161, 173) -1 -1 -1 
(162, 98) -1 -1 -1 
(162, 133) 1 1 1 
(162, 139) -1 -1 -1 
(162, 143) -1 -1 -1 
(162, 146) -1 -1 -1 
(162, 148) -1 -1 -1 
(162, 151) 1 1 1 
(162, 156) 1 1 1 
(162, 163) 1 1 1 
(162, 168) 1 1 1 
(162, 171) -1 -1 -1 
(162, 172) 1 1 1 
(163, 90) 1 1 1 
(163, 92) -1 -1 -1 
(163, 93) -1 -1 -1 
(163, 95) 1 1 1 
(163, 96) -1 -1 -1 
(163, 98) -1 -1 -1 
(163, 135) -1 -1 -1 
(163, 139) -1 -1 -1 
(163, 141) 1 1 1 
(163, 142) 1 1 1 
(163, 145) 1 1 1 
(163, 146) -1 -1 -1 
(163, 148) -1 -1 -1 
(163, 149) -1 -1 -1 
(163, 159) 1 1 1 
(163, 169) -1 -1 -1 
(163, 173) 1 1 1 
(164, 95) -1 -1 -1 
(164, 96) 1 1 1 
(164, 97) 1 1 1 
(164, 98) -1 -1 -1 
(164, 99) 1 1 1 
(164, 136) -1 -1 -1 
(164, 138) 1 1 1 
(164, 139) 1 1 1 
(164, 142) 1 1 1 
(164, 146) 1 1 1 
(164, 152) 1 1 1 
(164, 155) -1 -1 -1 
(164, 161) -1 -1 -1 
(164, 165) 1 1 1 
(165, 96) 1 1 1 
(165, 97) 1 1 1 
(165, 98) 1 1 1 
(165, 100) -1 -1 -1 
(165, 136) 1 1 1 
(165, 137) 1 1 1 
(165, 140) 1 1 1 
(165, 146) 1 1 1 
(165, 150) -1 -1 -1 
(165, 154) 1 1 1 
(165, 155) -1 -1 -1 
(165, 159) -1 -1 -1 
(165, 163) 1 1 1 
(165, 166) -1 -1 -1 
(165, 167) 1 1 1 
(165, 168) -1 -1 -1 
(165, 169) -1 -1 -1 
(166, 90) -1 -1 -1 
(166, 96) 1 1 1 
(166, 101) -1 -1 -1 
(166, 135) 1 1 1 
(166, 136) 1 1 1 
(166, 137) 1 1 1 
(166, 141) 1 1 1 
(166, 147) 1 1 1 
(166, 152) -1 -1 -1 
(166, 155) -1 -1 -1 
(166, 159) -1 -1 -1 
(166, 161) 1 1 1 
(166, 163) 1 1 1 
(166, 170) -1 -1 -1 
(167, 91) -1 -1 -1 
(167, 94) -1 -1 -1 
(167, 137) 1 1 1 
(167, 144) -1 -1 -1 
(167, 145) 1 1 1 
(167, 147) 1 1 1 
(167, 155) 1 1 1 
(167, 161) 1 1 1 
(167, 165) -1 -1 -1 
(167, 167) 1 1 1 
(167, 168) -1 -1 -1 
(168, 99) 1 1 1 
(168, 145) 1 1 1 
(168, 150) 1 1 1 
(168, 151) -1 -1 -1 
(168, 155) 1 1 1 
(168, 156) -1 -1 -1 
(168, 159) 1 1 1 
(168, 164) -1 -1 -1 
(168, 166) -1 -1 -1 
(168, 168) 1 1 1 
(169, 95) 1 1 1 
(169, 97) 1 1 1 
(169, 100) -1 -1 -1 
(169, 138) -1 -1 -1 
(169, 139) -1 -1 -1 
(169, 142) -1 -1 -1 
(169, 148) 1 1 1 
(169, 150) 1 1 1 
(169, 155) 1 1 1 
(169, 159) 1 1 1 
(170, 94) 1 1 1 
(170, 100) 1 1 1 
(170, 139) -1 -1 -1 
(170, 140) 1 1 1 
(170, 146) -1 -1 -1 
(170, 149) 1 1 1 
(170, 151) 1 1 1 
(170, 152) -1 -1 -1 
(170, 159) 1 1 1 
(170, 160) -1 -1 -1 
(170, 163) 1 1 1 
(170, 164) -1 -1 -1 
(170, 165) 1 1 1 
(171, 97) -1 -1 -1 
(171, 98) 1 1 1 
(171, 100) -1 -1 -1 
(171, 101) -1 -1 -1 
(171, 144) -1 -1 -1 
(171, 146) -1 -1 -1 
(171, 151) 1 1 1 
(171, 153) -1 -1 -1 
(171, 157) -1 -1 -1 
(171, 160) -1 -1 -1 
(172, 96) 1 1 1 
(172, 99) 1 1 1 
(172, 100) 1 1 1 
(172, 101) 1 1 1 
(172, 141) -1 -1 -1 
(172, 146) -1 -1 -1 
(172, 147) -1 -1 -1 
(172, 149) -1 -1 -1 
(172, 151) 1 1 1 
(172, 160) -1 -1 -1 
(172, 161) 1 1 1 
(172, 162) 1 1 1 
(172, 164) -1 -1 -1 
(172, 165) -1 -1 -1 
(173, 92) -1 -1 -1 
(173, 93) 1 1 1 
(173, 95) -1 -1 -1 
(173, 142) -1 -1 -1 
(173, 144) -1 -1 -1 
(173, 147) -1 -1 -1 
(173, 157) -1 -1 -1 
(174, 94) -1 -1 -1 
(174, 95) -1 -1 -1 
(174, 96) -1 -1 -1 
(174, 97) -1 -1 -1 
(174, 98) -1 -1 -1 
(174, 142) -1 -1 -1 
(174, 144) -1 -1 -1 
(174, 145) -1 -1 -1 
(174, 147) -1 -1 -1 
(174, 151) 1 1 1 
(174, 153) -1 -1 -1 
(174, 156) 1 1 1 
(174, 157) -1 -1 -1 
(174, 158) 1 1 1 
(174, 160) -1 -1 -1 
(175, 94) -1 -1 -1 
(175, 95) -1 -1 -1 
(175, 97) -1 -1 -1 
(175, 99) 1 1 1 
(175, 101) 1 1 1 
(175, 106) 1 1 1 
(175, 147) -1 -1 -1 
(175, 149) -1 -1 -1 
(175, 151) 1 1 1 
(175, 153) -1 -1 -1 
(175, 156) 1 1 1 
(175, 159) 1 1 1 
(176, 95) -1 -1 -1 
(176, 97) 1 1 1 
(176, 99) -1 -1 -1 
(176, 107) 1 1 1 
(176, 109) 1 1 1 
(176, 145) -1 -1 -1 
(176, 147) -1 -1 -1 
(176, 153) -1 -1 -1 
(176, 160) 1 1 1 
(177, 97) 1 1 1 
(177, 101) -1 -1 -1 
(177, 106) 1 1 1 
(177, 108) -1 -1 -1 
(177, 109) 1 1 1 
(177, 145) -1 -1 -1 
(177, 147) -1 -1 -1 
(177, 152) 1 1 1 
(177, 155) 1 1 1 
(177, 157) -1 -1 -1 
(178, 99) 1 1 1 
(178, 105) -1 -1 -1 
(178, 118) 1 1 1 
(178, 152) -1 -1 -1 
(179, 98) -1 -1 -1 
(179, 102) 1 1 1 
(179, 104) -1 -1 -1 
(179, 105) 1 1 1 
(179, 106) -1 -1 -1 
(179, 150) 1 1 1 
(179, 151) 1 1 1 
(179, 153) 1 1 1 
(179, 154) 1 1 1 
(179, 157) 1 1 1 
(180, 99) 1 1 1 
(180, 101) 1 1 1 
(180, 104) -1 -1 -1 
(180, 151) -1 -1 -1 
(181, 98) 1 1 1 
(181, 100) 1 1 1 
(181, 108) 1 1 1 
(181, 150) 1 1 1 
(181, 153) 1 1 1 
(182, 97) -1 -1 -1 
(182, 98) -1 -1 -1 
(182, 102) -1 -1 -1 
(182, 152) 1 1 1 
(183, 97) -1 -1 -1 
(183, 99) 1 1 1 
(183, 102) -1 -1 -1 
(183, 106) 1 1 1 
(183, 107) -1 -1 -1 
(184, 97) -1 -1 -1 
(184, 98) -1 -1 -1 
(184, 99) -1 -1 -1 
(184, 101) 1 1 1 
(184, 103) 1 1 1 
(184, 104) 1 1 1 
(184, 107) 1 1 1 
(185, 102) -1 -1 -1 
(185, 104) -1 -1 -1 
(185, 114) -1 -1 -1 
(186, 98) 1 1 1 
(186, 99) 1 1 1 
(186, 105) 1 1 1 
(187, 101) 1 1 1 
(187, 102) -1 -1 -1 
(187, 105) 1 1 1 
(187, 113) -1 -1 -1 
(187, 145) 1 1 1 
(187, 146) 1 1 1 
(187, 147) -1 -1 -1 
(188, 103) -1 -1 -1 
(188, 143) -1 -1 -1 
(188, 144) -1 -1 -1 
(189, 102) 1 1 1 
(189, 141) -1 -1 -1 
(190, 102) -1 -1 -1 
(190, 104) -1 -1 -1 
(190, 110) 1 1 1 
(190, 142) 1 1 1 
(191, 108) -1 -1 -1 
(192, 107) 1 1 1 
(193, 104) -1 -1 -1 
(193, 107) 1 1 1 
