(129, 216) 1 1 1 
(129, 221) 1 1 1 
(130, 216) 1 1 1 
(133, 219) -1 -1 -1 
(134, 219) 1 1 1 
(137, 206) -1 -1 -1 
(138, 206) -1 -1 -1 
(140, 205) -1 -1 -1 
(141, 205) -1 -1 -1 
(142, 205) -1 -1 -1 
(143, 204) -1 -1 -1 
(144, 204) -1 -1 -1 
(145, 204) -1 -1 -1 
(146, 203) -1 -1 -1 
(146, 204) -1 -1 -1 
(147, 203) -1 -1 -1 
(148, 202) -1 -1 -1 
(148, 203) -1 -1 -1 
(149, 202) -1 -1 -1 
(149, 203) -1 -1 -1 
(150, 202) -1 -1 -1 
(150, 203) -1 -1 -1 
(151, 201) -1 -1 -1 
(151, 202) -1 -1 -1 
(152, 201) -1 -1 -1 
(152, 202) -1 -1 -1 
(153, 201) -1 -1 -1 
(153, 202) -1 -1 -1 
(154, 200) -1 -1 -1 
(154, 201) -1 -1 -1 
(154, 202) -1 -1 -1 
(155, 200) -1 -1 -1 
(155, 201) -1 -1 -1 
(156, 199) -1 -1 -1 
(156, 200) -1 -1 -1 
(156, 201) -1 -1 -1 
(157, 199) -1 -1 -1 
(157, 200) -1 -1 -1 
(157, 201) -1 -1 -1 
(158, 199) -1 -1 -1 
(158, 200) -1 -1 -1 
(158, 201) -1 -1 -1 
(159, 198) -1 -1 -1 
(159, 199) -1 -1 -1 
(159, 200) -1 -1 -1 
(160, 198) -1 -1 -1 
(160, 199) -1 -1 -1 
(160, 200) -1 -1 -1 
(161, 198) -1 -1 -1 
(161, 199) -1 -1 -1 
(161, 200) -1 -1 -1 
(162, 197) -1 -1 -1 
(162, 198) -1 -1 -1 
(162, 199) -1 -1 -1 
(162, 200) -1 -1 -1 
(163, 42) -1 -1 -1 
(163, 43) -1 -1 -1 
(163, 197) -1 -1 -1 
(163, 198) -1 -1 -1 
(163, 199) -1 -1 -1 
(163, 200) -1 -1 -1 
(164, 42) -1 -1 -1 
(164, 43) -1 -1 -1 
(164, 197) -1 -1 -1 
(164, 198) -1 -1 -1 
(164, 199) -1 -1 -1 
(165, 32) -1 -1 -1 
(165, 33) -1 -1 -1 
(165, 34) -1 -1 -1 
(165, 35) -1 -1 -1 
(165, 36) -1 -1 -1 
(165, 41) 1 1 1 
(165, 42) -1 -1 -1 
(165, 43) -1 -1 -1 
(165, 44) -1 -1 -1 
(165, 196) -1 -1 -1 
(165, 197) -1 -1 -1 
(165, 198) -1 -1 -1 
(165, 199) -1 -1 -1 
(166, 27) -1 -1 -1 
(166, 28) -1 -1 -1 
(166, 29) -1 -1 -1 
(166, 30) -1 -1 -1 
(166, 31) -1 -1 -1 
(166, 32) -1 -1 -1 
(166, 33) -1 -1 -1 
(166, 34) -1 -1 -1 
(166, 35) -1 -1 -1 
(166, 36) -1 -1 -1 
(166, 42) -1 -1 -1 
(166, 43) -1 -1 -1 
(166, 44) -1 -1 -1 
(166, 196) -1 -1 -1 
(166, 197) -1 -1 -1 
(166, 198) -1 -1 -1 
(166, 199) -1 -1 -1 
(167, 26) -1 -1 -1 
(167, 27) -1 -1 -1 
(167, 28) -1 -1 -1 
(167, 29) -1 -1 -1 
(167, 30) -1 -1 -1 
(167, 31) -1 -1 -1 
(167, 32) -1 -1 -1 
(167, 33) -1 -1 -1 
(167, 34) -1 -1 -1 
(167, 35) -1 -1 -1 
(167, 36) -1 -1 -1 
(167, 37) -1 -1 -1 
(167, 42) -1 -1 -1 
(167, 43) -1 -1 -1 
(167, 44) -1 -1 -1 
(167, 195) -1 -1 -1 
(167, 196) -1 -1 -1 
(167, 197) -1 -1 -1 
(167, 198) -1 -1 -1 
(167, 199) -1 -1 -1 
(168, 26) -1 -1 -1 
(168, 27) -1 -1 -1 
(168, 28) -1 -1 -1 
(168, 29) -1 -1 -1 
(168, 30) -1 -1 -1 
(168, 31) -1 -1 -1 
(168, 32) -1 -1 -1 
(168, 33) -1 -1 -1 
(168, 34) -1 -1 -1 
(168, 35) -1 -1 -1 
(168, 36) -1 -1 -1 
(168, 37) -1 -1 -1 
(168, 42) -1 -1 -1 
(168, 43) -1 -1 -1 
(168, 44) -1 -1 -1 
(168, 45) -1 -1 -1 
(168, 195) -1 -1 -1 
(168, 196) -1 -1 -1 
(168, 197) -1 -1 -1 
(168, 198) -1 -1 -1 
(169, 27) -1 -1 -1 
(169, 28) -1 -1 -1 
(169, 29) -1 -1 -1 
(169, 30) -1 -1 -1 
(169, 31) -1 -1 -1 
(169, 32) -1 -1 -1 
(169, 33) -1 -1 -1 
(169, 34) -1 -1 -1 
(169, 35) -1 -1 -1 
(169, 36) -1 -1 -1 
(169, 37) -1 -1 -1 
(169, 41) 1 1 1 
(169, 42) -1 -1 -1 
(169, 43) -1 -1 -1 
(169, 44) -1 -1 -1 
(169, 45) -1 -1 -1 
(169, 195) -1 -1 -1 
(169, 196) -1 -1 -1 
(169, 197) -1 -1 -1 
(169, 198) -1 -1 -1 
(170, 27) -1 -1 -1 
(170, 28) -1 -1 -1 
(170, 29) -1 -1 -1 
(170, 30) -1 -1 -1 
(170, 31) -1 -1 -1 
(170, 32) -1 -1 -1 
(170, 33) -1 -1 -1 
(170, 34) -1 -1 -1 
(170, 35) -1 -1 -1 
(170, 36) -1 -1 -1 
(170, 37) -1 -1 -1 
(170, 38) -1 -1 -1 
(170, 42) -1 -1 -1 
(170, 43) -1 -1 -1 
(170, 44) -1 -1 -1 
(170, 45) -1 -1 -1 
(170, 195) -1 -1 -1 
(170, 196) -1 -1 -1 
(170, 197) -1 -1 -1 
(170, 198) -1 -1 -1 
(170, 222) -1 -1 -1 
(171, 28) -1 -1 -1 
(171, 29) -1 -1 -1 
(171, 30) -1 -1 -1 
(171, 31) -1 -1 -1 
(171, 32) -1 -1 -1 
(171, 33) -1 -1 -1 
(171, 34) -1 -1 -1 
(171, 35) -1 -1 -1 
(171, 36) -1 -1 -1 
(171, 37) -1 -1 -1 
(171, 38) -1 -1 -1 
(171, 42) -1 -1 -1 
(171, 43) -1 -1 -1 
(171, 44) -1 -1 -1 
(171, 45) -1 -1 -1 
(171, 195) -1 -1 -1 
(171, 196) -1 -1 -1 
(171, 197) -1 -1 -1 
(171, 198) -1 -1 -1 
(172, 28) -1 -1 -1 
(172, 29) -1 -1 -1 
(172, 30) -1 -1 -1 
(172, 31) -1 -1 -1 
(172, 32) -1 -1 -1 
(172, 33) -1 -1 -1 
(172, 34) -1 -1 -1 
(172, 35) -1 -1 -1 
(172, 36) -1 -1 -1 
(172, 37) -1 -1 -1 
(172, 38) -1 -1 -1 
(172, 42) -1 -1 -1 
(172, 43) -1 -1 -1 
(172, 44) -1 -1 -1 
(172, 45) -1 -1 -1 
(172, 46) -1 -1 -1 
(172, 194) -1 -1 -1 
(172, 195) -1 -1 -1 
(172, 196) -1 -1 -1 
(172, 197) -1 -1 -1 
(172, 221) -1 -1 -1 
(173, 28) -1 -1 -1 
(173, 29) -1 -1 -1 
(173, 30) -1 -1 -1 
(173, 31) -1 -1 -1 
(173, 32) -1 -1 -1 
(173, 33) -1 -1 -1 
(173, 34) -1 -1 -1 
(173, 35) -1 -1 -1 
(173, 36) -1 -1 -1 
(173, 37) -1 -1 -1 
(173, 38) -1 -1 -1 
(173, 39) -1 -1 -1 
(173, 42) -1 -1 -1 
(173, 43) -1 -1 -1 
(173, 44) -1 -1 -1 
(173, 45) -1 -1 -1 
(173, 46) -1 -1 -1 
(173, 194) -1 -1 -1 
(173, 195) -1 -1 -1 
(173, 196) -1 -1 -1 
(173, 197) -1 -1 -1 
(173, 221) -1 -1 -1 
(174, 29) -1 -1 -1 
(174, 30) -1 -1 -1 
(174, 31) -1 -1 -1 
(174, 32) -1 -1 -1 
(174, 33) -1 -1 -1 
(174, 34) -1 -1 -1 
(174, 35) -1 -1 -1 
(174, 36) -1 -1 -1 
(174, 37) -1 -1 -1 
(174, 38) -1 -1 -1 
(174, 39) -1 -1 -1 
(174, 42) -1 -1 -1 
(174, 43) -1 -1 -1 
(174, 44) -1 -1 -1 
(174, 45) -1 -1 -1 
(174, 46) -1 -1 -1 
(174, 194) -1 -1 -1 
(174, 195) -1 -1 -1 
(174, 196) -1 -1 -1 
(174, 197) -1 -1 -1 
(174, 220) -1 -1 -1 
(175, 29) -1 -1 -1 
(175, 30) -1 -1 -1 
(175, 31) -1 -1 -1 
(175, 32) -1 -1 -1 
(175, 33) -1 -1 -1 
(175, 34) -1 -1 -1 
(175, 35) -1 -1 -1 
(175, 36) -1 -1 -1 
(175, 37) -1 -1 -1 
(175, 38) -1 -1 -1 
(175, 39) -1 -1 -1 
(175, 42) -1 -1 -1 
(175, 43) -1 -1 -1 
(175, 44) -1 -1 -1 
(175, 45) -1 -1 -1 
(175, 46) -1 -1 -1 
(175, 47) -1 -1 -1 
(175, 194) -1 -1 -1 
(175, 195) -1 -1 -1 
(175, 196) -1 -1 -1 
(175, 197) -1 -1 -1 
(175, 220) -1 -1 -1 
(176, 29) -1 -1 -1 
(176, 30) -1 -1 -1 
(176, 31) -1 -1 -1 
(176, 32) -1 -1 -1 
(176, 33) -1 -1 -1 
(176, 34) -1 -1 -1 
(176, 35) -1 -1 -1 
(176, 36) -1 -1 -1 
(176, 37) -1 -1 -1 
(176, 38) -1 -1 -1 
(176, 39) -1 -1 -1 
(176, 43) -1 -1 -1 
(176, 44) -1 -1 -1 
(176, 45) -1 -1 -1 
(176, 46) -1 -1 -1 
(176, 47) -1 -1 -1 
(176, 193) -1 -1 -1 
(176, 194) -1 -1 -1 
(176, 195) -1 -1 -1 
(176, 196) -1 -1 -1 
(176, 219) -1 -1 -1 
(176, 220) -1 -1 -1 
(177, 30) -1 -1 -1 
(177, 31) -1 -1 -1 
(177, 32) -1 -1 -1 
(177, 33) -1 -1 -1 
(177, 34) -1 -1 -1 
(177, 35) -1 -1 -1 
(177, 36) -1 -1 -1 
(177, 37) -1 -1 -1 
(177, 38) -1 -1 -1 
(177, 39) -1 -1 -1 
(177, 40) -1 -1 -1 
(177, 43) -1 -1 -1 
(177, 44) -1 -1 -1 
(177, 45) -1 -1 -1 
(177, 46) -1 -1 -1 
(177, 47) -1 -1 -1 
(177, 193) -1 -1 -1 
(177, 194) -1 -1 -1 
(177, 195) -1 -1 -1 
(177, 196) -1 -1 -1 
(177, 219) -1 -1 -1 
(178, 30) -1 -1 -1 
(178, 31) -1 -1 -1 
(178, 32) -1 -1 -1 
(178, 33) -1 -1 -1 
(178, 34) -1 -1 -1 
(178, 35) -1 -1 -1 
(178, 36) -1 -1 -1 
(178, 37) -1 -1 -1 
(178, 38) -1 -1 -1 
(178, 39) -1 -1 -1 
(178, 40) -1 -1 -1 
(178, 43) -1 -1 -1 
(178, 44) -1 -1 -1 
(178, 45) -1 -1 -1 
(178, 46) -1 -1 -1 
(178, 47) -1 -1 -1 
(178, 193) -1 -1 -1 
(178, 194) -1 -1 -1 
(178, 195) -1 -1 -1 
(178, 196) -1 -1 -1 
(178, 218) -1 -1 -1 
(178, 219) -1 -1 -1 
(179, 30) -1 -1 -1 
(179, 31) -1 -1 -1 
(179, 32) -1 -1 -1 
(179, 33) -1 -1 -1 
(179, 34) -1 -1 -1 
(179, 35) -1 -1 -1 
(179, 36) -1 -1 -1 
(179, 37) -1 -1 -1 
(179, 38) -1 -1 -1 
(179, 39) -1 -1 -1 
(179, 40) -1 -1 -1 
(179, 43) -1 -1 -1 
(179, 44) -1 -1 -1 
(179, 45) -1 -1 -1 
(179, 46) -1 -1 -1 
(179, 47) -1 -1 -1 
(179, 48) -1 -1 -1 
(179, 193) -1 -1 -1 
(179, 194) -1 -1 -1 
(179, 195) -1 -1 -1 
(179, 196) -1 -1 -1 
(179, 218) -1 -1 -1 
(179, 219) -1 -1 -1 
(180, 31) -1 -1 -1 
(180, 32) -1 -1 -1 
(180, 33) -1 -1 -1 
(180, 34) -1 -1 -1 
(180, 35) -1 -1 -1 
(180, 36) -1 -1 -1 
(180, 37) -1 -1 -1 
(180, 38) -1 -1 -1 
(180, 39) -1 -1 -1 
(180, 40) -1 -1 -1 
(180, 41) -1 -1 -1 
(180, 43) -1 -1 -1 
(180, 44) -1 -1 -1 
(180, 45) -1 -1 -1 
(180, 46) -1 -1 -1 
(180, 47) -1 -1 -1 
(180, 48) -1 -1 -1 
(180, 192) -1 -1 -1 
(180, 193) -1 -1 -1 
(180, 217) -1 -1 -1 
(180, 218) -1 -1 -1 
(181, 31) -1 -1 -1 
(181, 32) -1 -1 -1 
(181, 33) -1 -1 -1 
(181, 34) -1 -1 -1 
(181, 35) -1 -1 -1 
(181, 36) -1 -1 -1 
(181, 37) -1 -1 -1 
(181, 38) -1 -1 -1 
(181, 39) -1 -1 -1 
(181, 40) -1 -1 -1 
(181, 41) -1 -1 -1 
(181, 43) -1 -1 -1 
(181, 44) -1 -1 -1 
(181, 45) -1 -1 -1 
(181, 46) -1 -1 -1 
(181, 47) -1 -1 -1 
(181, 48) -1 -1 -1 
(181, 217) -1 -1 -1 
(181, 218) -1 -1 -1 
(182, 31) -1 -1 -1 
(182, 32) -1 -1 -1 
(182, 33) -1 -1 -1 
(182, 34) -1 -1 -1 
(182, 35) -1 -1 -1 
(182, 36) -1 -1 -1 
(182, 37) -1 -1 -1 
(182, 38) -1 -1 -1 
(182, 39) -1 -1 -1 
(182, 40) -1 -1 -1 
(182, 41) -1 -1 -1 
(182, 43) -1 -1 -1 
(182, 44) -1 -1 -1 
(182, 45) -1 -1 -1 
(182, 46) -1 -1 -1 
(182, 47) -1 -1 -1 
(182, 48) -1 -1 -1 
(182, 49) -1 -1 -1 
(182, 216) -1 -1 -1 
(182, 217) -1 -1 -1 
(182, 218) -1 -1 -1 
(183, 32) -1 -1 -1 
(183, 33) -1 -1 -1 
(183, 34) -1 -1 -1 
(183, 35) -1 -1 -1 
(183, 36) -1 -1 -1 
(183, 37) -1 -1 -1 
(183, 38) -1 -1 -1 
(183, 39) -1 -1 -1 
(183, 40) -1 -1 -1 
(183, 41) -1 -1 -1 
(183, 42) -1 -1 -1 
(183, 44) -1 -1 -1 
(183, 45) -1 -1 -1 
(183, 46) -1 -1 -1 
(183, 47) -1 -1 -1 
(183, 48) -1 -1 -1 
(183, 49) -1 -1 -1 
(183, 216) -1 -1 -1 
(183, 217) -1 -1 -1 
(184, 32) -1 -1 -1 
(184, 33) -1 -1 -1 
(184, 34) -1 -1 -1 
(184, 35) -1 -1 -1 
(184, 36) -1 -1 -1 
(184, 37) -1 -1 -1 
(184, 38) -1 -1 -1 
(184, 39) -1 -1 -1 
(184, 40) -1 -1 -1 
(184, 41) -1 -1 -1 
(184, 42) -1 -1 -1 
(184, 44) -1 -1 -1 
(184, 45) -1 -1 -1 
(184, 46) -1 -1 -1 
(184, 47) -1 -1 -1 
(184, 48) -1 -1 -1 
(184, 49) -1 -1 -1 
(184, 215) -1 -1 -1 
(184, 216) -1 -1 -1 
(184, 217) -1 -1 -1 
(185, 32) -1 -1 -1 
(185, 33) -1 -1 -1 
(185, 34) -1 -1 -1 
(185, 35) -1 -1 -1 
(185, 36) -1 -1 -1 
(185, 37) -1 -1 -1 
(185, 38) -1 -1 -1 
(185, 39) -1 -1 -1 
(185, 40) -1 -1 -1 
(185, 41) -1 -1 -1 
(185, 42) -1 -1 -1 
(185, 44) -1 -1 -1 
(185, 45) -1 -1 -1 
(185, 46) -1 -1 -1 
(185, 47) -1 -1 -1 
(185, 48) -1 -1 -1 
(185, 49) -1 -1 -1 
(185, 215) -1 -1 -1 
(185, 216) -1 -1 -1 
(185, 217) -1 -1 -1 
(186, 33) -1 -1 -1 
(186, 34) -1 -1 -1 
(186, 35) -1 -1 -1 
(186, 36) -1 -1 -1 
(186, 37) -1 -1 -1 
(186, 38) -1 -1 -1 
(186, 39) -1 -1 -1 
(186, 40) -1 -1 -1 
(186, 41) -1 -1 -1 
(186, 42) -1 -1 -1 
(186, 43) -1 -1 -1 
(186, 44) -1 -1 -1 
(186, 45) -1 -1 -1 
(186, 46) -1 -1 -1 
(186, 47) -1 -1 -1 
(186, 48) -1 -1 -1 
(186, 49) -1 -1 -1 
(186, 50) -1 -1 -1 
(186, 215) -1 -1 -1 
(186, 216) -1 -1 -1 
(187, 33) -1 -1 -1 
(187, 34) -1 -1 -1 
(187, 35) -1 -1 -1 
(187, 36) -1 -1 -1 
(187, 37) -1 -1 -1 
(187, 38) -1 -1 -1 
(187, 39) -1 -1 -1 
(187, 40) -1 -1 -1 
(187, 41) -1 -1 -1 
(187, 42) -1 -1 -1 
(187, 43) -1 -1 -1 
(187, 45) -1 -1 -1 
(187, 46) -1 -1 -1 
(187, 47) -1 -1 -1 
(187, 48) -1 -1 -1 
(187, 49) -1 -1 -1 
(187, 50) -1 -1 -1 
(187, 214) -1 -1 -1 
(187, 215) -1 -1 -1 
(187, 216) -1 -1 -1 
(188, 34) -1 -1 -1 
(188, 35) -1 -1 -1 
(188, 36) -1 -1 -1 
(188, 37) -1 -1 -1 
(188, 38) -1 -1 -1 
(188, 39) -1 -1 -1 
(188, 40) -1 -1 -1 
(188, 41) -1 -1 -1 
(188, 42) -1 -1 -1 
(188, 43) -1 -1 -1 
(188, 45) -1 -1 -1 
(188, 46) -1 -1 -1 
(188, 47) -1 -1 -1 
(188, 48) -1 -1 -1 
(188, 49) -1 -1 -1 
(188, 50) -1 -1 -1 
(188, 214) -1 -1 -1 
(188, 215) -1 -1 -1 
(188, 216) -1 -1 -1 
(189, 34) -1 -1 -1 
(189, 35) -1 -1 -1 
(189, 36) -1 -1 -1 
(189, 37) -1 -1 -1 
(189, 38) -1 -1 -1 
(189, 39) -1 -1 -1 
(189, 40) -1 -1 -1 
(189, 41) -1 -1 -1 
(189, 42) -1 -1 -1 
(189, 43) -1 -1 -1 
(189, 44) -1 -1 -1 
(189, 45) -1 -1 -1 
(189, 46) -1 -1 -1 
(189, 47) -1 -1 -1 
(189, 48) -1 -1 -1 
(189, 49) -1 -1 -1 
(189, 50) -1 -1 -1 
(189, 51) -1 -1 -1 
(189, 213) -1 -1 -1 
(189, 214) -1 -1 -1 
(189, 215) -1 -1 -1 
(190, 34) -1 -1 -1 
(190, 35) -1 -1 -1 
(190, 36) -1 -1 -1 
(190, 37) -1 -1 -1 
(190, 38) -1 -1 -1 
(190, 39) -1 -1 -1 
(190, 40) -1 -1 -1 
(190, 41) -1 -1 -1 
(190, 42) -1 -1 -1 
(190, 43) -1 -1 -1 
(190, 44) -1 -1 -1 
(190, 46) -1 -1 -1 
(190, 47) -1 -1 -1 
(190, 48) -1 -1 -1 
(190, 49) -1 -1 -1 
(190, 50) -1 -1 -1 
(190, 51) -1 -1 -1 
(190, 213) -1 -1 -1 
(190, 214) -1 -1 -1 
(190, 215) -1 -1 -1 
(191, 35) -1 -1 -1 
(191, 36) -1 -1 -1 
(191, 37) -1 -1 -1 
(191, 38) -1 -1 -1 
(191, 39) -1 -1 -1 
(191, 40) -1 -1 -1 
(191, 41) -1 -1 -1 
(191, 42) -1 -1 -1 
(191, 43) -1 -1 -1 
(191, 44) -1 -1 -1 
(191, 46) -1 -1 -1 
(191, 47) -1 -1 -1 
(191, 48) -1 -1 -1 
(191, 49) -1 -1 -1 
(191, 50) -1 -1 -1 
(191, 51) -1 -1 -1 
(191, 212) -1 -1 -1 
(191, 213) -1 -1 -1 
(191, 214) -1 -1 -1 
(191, 215) -1 -1 -1 
(192, 35) -1 -1 -1 
(192, 36) -1 -1 -1 
(192, 37) -1 -1 -1 
(192, 38) -1 -1 -1 
(192, 39) -1 -1 -1 
(192, 40) -1 -1 -1 
(192, 41) -1 -1 -1 
(192, 42) -1 -1 -1 
(192, 43) -1 -1 -1 
(192, 44) -1 -1 -1 
(192, 46) -1 -1 -1 
(192, 47) -1 -1 -1 
(192, 48) -1 -1 -1 
(192, 49) -1 -1 -1 
(192, 50) -1 -1 -1 
(192, 51) -1 -1 -1 
(192, 212) -1 -1 -1 
(192, 213) -1 -1 -1 
(192, 214) -1 -1 -1 
(193, 35) -1 -1 -1 
(193, 36) -1 -1 -1 
(193, 37) -1 -1 -1 
(193, 38) -1 -1 -1 
(193, 39) -1 -1 -1 
(193, 40) -1 -1 -1 
(193, 41) -1 -1 -1 
(193, 42) -1 -1 -1 
(193, 43) -1 -1 -1 
(193, 44) -1 -1 -1 
(193, 45) -1 -1 -1 
(193, 47) -1 -1 -1 
(193, 48) -1 -1 -1 
(193, 49) -1 -1 -1 
(193, 50) -1 -1 -1 
(193, 51) -1 -1 -1 
(193, 52) -1 -1 -1 
(193, 211) -1 -1 -1 
(193, 212) -1 -1 -1 
(193, 213) -1 -1 -1 
(193, 214) -1 -1 -1 
(194, 36) -1 -1 -1 
(194, 37) -1 -1 -1 
(194, 38) -1 -1 -1 
(194, 39) -1 -1 -1 
(194, 40) -1 -1 -1 
(194, 41) -1 -1 -1 
(194, 42) -1 -1 -1 
(194, 43) -1 -1 -1 
(194, 44) -1 -1 -1 
(194, 45) -1 -1 -1 
(194, 47) -1 -1 -1 
(194, 48) -1 -1 -1 
(194, 49) -1 -1 -1 
(194, 50) -1 -1 -1 
(194, 51) -1 -1 -1 
(194, 52) -1 -1 -1 
(194, 211) -1 -1 -1 
(194, 212) -1 -1 -1 
(194, 213) -1 -1 -1 
(194, 214) -1 -1 -1 
(195, 36) -1 -1 -1 
(195, 37) -1 -1 -1 
(195, 38) -1 -1 -1 
(195, 39) -1 -1 -1 
(195, 40) -1 -1 -1 
(195, 41) -1 -1 -1 
(195, 42) -1 -1 -1 
(195, 43) -1 -1 -1 
(195, 44) -1 -1 -1 
(195, 45) -1 -1 -1 
(195, 47) -1 -1 -1 
(195, 48) -1 -1 -1 
(195, 49) -1 -1 -1 
(195, 50) -1 -1 -1 
(195, 51) -1 -1 -1 
(195, 52) -1 -1 -1 
(195, 211) -1 -1 -1 
(195, 212) -1 -1 -1 
(195, 213) -1 -1 -1 
(196, 36) -1 -1 -1 
(196, 37) -1 -1 -1 
(196, 38) -1 -1 -1 
(196, 39) -1 -1 -1 
(196, 40) -1 -1 -1 
(196, 41) -1 -1 -1 
(196, 42) -1 -1 -1 
(196, 43) -1 -1 -1 
(196, 44) -1 -1 -1 
(196, 45) -1 -1 -1 
(196, 46) -1 -1 -1 
(196, 48) -1 -1 -1 
(196, 49) -1 -1 -1 
(196, 50) -1 -1 -1 
(196, 51) -1 -1 -1 
(196, 52) -1 -1 -1 
(196, 53) -1 -1 -1 
(196, 210) -1 -1 -1 
(196, 211) -1 -1 -1 
(196, 212) -1 -1 -1 
(196, 213) -1 -1 -1 
(197, 37) -1 -1 -1 
(197, 38) -1 -1 -1 
(197, 39) -1 -1 -1 
(197, 40) -1 -1 -1 
(197, 41) -1 -1 -1 
(197, 42) -1 -1 -1 
(197, 43) -1 -1 -1 
(197, 44) -1 -1 -1 
(197, 45) -1 -1 -1 
(197, 46) -1 -1 -1 
(197, 48) -1 -1 -1 
(197, 49) -1 -1 -1 
(197, 50) -1 -1 -1 
(197, 51) -1 -1 -1 
(197, 52) -1 -1 -1 
(197, 53) -1 -1 -1 
(197, 210) -1 -1 -1 
(197, 211) -1 -1 -1 
(197, 212) -1 -1 -1 
(197, 213) -1 -1 -1 
(198, 37) -1 -1 -1 
(198, 38) -1 -1 -1 
(198, 39) -1 -1 -1 
(198, 40) -1 -1 -1 
(198, 41) -1 -1 -1 
(198, 42) -1 -1 -1 
(198, 43) -1 -1 -1 
(198, 44) -1 -1 -1 
(198, 45) -1 -1 -1 
(198, 46) -1 -1 -1 
(198, 48) -1 -1 -1 
(198, 49) -1 -1 -1 
(198, 50) -1 -1 -1 
(198, 51) -1 -1 -1 
(198, 52) -1 -1 -1 
(198, 53) -1 -1 -1 
(198, 210) -1 -1 -1 
(198, 211) -1 -1 -1 
(198, 212) -1 -1 -1 
(199, 37) -1 -1 -1 
(199, 38) -1 -1 -1 
(199, 39) -1 -1 -1 
(199, 40) -1 -1 -1 
(199, 41) -1 -1 -1 
(199, 42) -1 -1 -1 
(199, 43) -1 -1 -1 
(199, 44) -1 -1 -1 
(199, 45) -1 -1 -1 
(199, 46) -1 -1 -1 
(199, 47) -1 -1 -1 
(199, 48) -1 -1 -1 
(199, 49) -1 -1 -1 
(199, 50) -1 -1 -1 
(199, 51) -1 -1 -1 
(199, 52) -1 -1 -1 
(199, 53) -1 -1 -1 
(199, 209) -1 -1 -1 
(199, 210) -1 -1 -1 
(199, 211) -1 -1 -1 
(199, 212) -1 -1 -1 
(200, 38) -1 -1 -1 
(200, 39) -1 -1 -1 
(200, 40) -1 -1 -1 
(200, 41) -1 -1 -1 
(200, 42) -1 -1 -1 
(200, 43) -1 -1 -1 
(200, 44) -1 -1 -1 
(200, 45) -1 -1 -1 
(200, 46) -1 -1 -1 
(200, 47) -1 -1 -1 
(200, 49) -1 -1 -1 
(200, 50) -1 -1 -1 
(200, 51) -1 -1 -1 
(200, 52) -1 -1 -1 
(200, 53) -1 -1 -1 
(200, 54) -1 -1 -1 
(200, 209) -1 -1 -1 
(200, 210) -1 -1 -1 
(200, 211) -1 -1 -1 
(200, 212) -1 -1 -1 
(201, 38) -1 -1 -1 
(201, 39) -1 -1 -1 
(201, 40) -1 -1 -1 
(201, 41) -1 -1 -1 
(201, 42) -1 -1 -1 
(201, 43) -1 -1 -1 
(201, 44) -1 -1 -1 
(201, 45) -1 -1 -1 
(201, 46) -1 -1 -1 
(201, 47) -1 -1 -1 
(201, 49) -1 -1 -1 
(201, 50) -1 -1 -1 
(201, 51) -1 -1 -1 
(201, 52) -1 -1 -1 
(201, 53) -1 -1 -1 
(201, 54) -1 -1 -1 
(201, 209) -1 -1 -1 
(201, 210) -1 -1 -1 
(201, 211) -1 -1 -1 
(202, 38) -1 -1 -1 
(202, 39) -1 -1 -1 
(202, 40) -1 -1 -1 
(202, 41) -1 -1 -1 
(202, 42) -1 -1 -1 
(202, 43) -1 -1 -1 
(202, 44) -1 -1 -1 
(202, 45) -1 -1 -1 
(202, 46) -1 -1 -1 
(202, 47) -1 -1 -1 
(202, 48) -1 -1 -1 
(202, 49) -1 -1 -1 
(202, 50) -1 -1 -1 
(202, 51) -1 -1 -1 
(202, 52) -1 -1 -1 
(202, 53) -1 -1 -1 
(202, 54) -1 -1 -1 
(202, 208) -1 -1 -1 
(202, 209) -1 -1 -1 
(202, 210) -1 -1 -1 
(202, 211) -1 -1 -1 
(203, 39) -1 -1 -1 
(203, 40) -1 -1 -1 
(203, 41) -1 -1 -1 
(203, 42) -1 -1 -1 
(203, 43) -1 -1 -1 
(203, 44) -1 -1 -1 
(203, 45) -1 -1 -1 
(203, 46) -1 -1 -1 
(203, 47) -1 -1 -1 
(203, 48) -1 -1 -1 
(203, 50) -1 -1 -1 
(203, 51) -1 -1 -1 
(203, 52) -1 -1 -1 
(203, 53) -1 -1 -1 
(203, 54) -1 -1 -1 
(203, 55) -1 -1 -1 
(203, 208) -1 -1 -1 
(203, 209) -1 -1 -1 
(203, 210) -1 -1 -1 
(203, 211) -1 -1 -1 
(204, 39) -1 -1 -1 
(204, 40) -1 -1 -1 
(204, 41) -1 -1 -1 
(204, 42) -1 -1 -1 
(204, 43) -1 -1 -1 
(204, 44) -1 -1 -1 
(204, 45) -1 -1 -1 
(204, 46) -1 -1 -1 
(204, 47) -1 -1 -1 
(204, 48) -1 -1 -1 
(204, 50) -1 -1 -1 
(204, 51) -1 -1 -1 
(204, 52) -1 -1 -1 
(204, 53) -1 -1 -1 
(204, 54) -1 -1 -1 
(204, 55) -1 -1 -1 
(204, 208) -1 -1 -1 
(204, 209) -1 -1 -1 
(204, 210) -1 -1 -1 
(205, 40) -1 -1 -1 
(205, 41) -1 -1 -1 
(205, 42) -1 -1 -1 
(205, 43) -1 -1 -1 
(205, 44) -1 -1 -1 
(205, 45) -1 -1 -1 
(205, 46) -1 -1 -1 
(205, 47) -1 -1 -1 
(205, 48) -1 -1 -1 
(205, 49) -1 -1 -1 
(205, 50) -1 -1 -1 
(205, 51) -1 -1 -1 
(205, 52) -1 -1 -1 
(205, 53) -1 -1 -1 
(205, 54) -1 -1 -1 
(205, 55) -1 -1 -1 
(205, 208) -1 -1 -1 
(205, 209) -1 -1 -1 
(205, 210) -1 -1 -1 
(206, 40) -1 -1 -1 
(206, 41) -1 -1 -1 
(206, 42) -1 -1 -1 
(206, 43) -1 -1 -1 
(206, 44) -1 -1 -1 
(206, 45) -1 -1 -1 
(206, 46) -1 -1 -1 
(206, 47) -1 -1 -1 
(206, 48) -1 -1 -1 
(206, 49) -1 -1 -1 
(206, 51) -1 -1 -1 
(206, 52) -1 -1 -1 
(206, 53) -1 -1 -1 
(206, 54) -1 -1 -1 
(206, 55) -1 -1 -1 
(206, 207) -1 -1 -1 
(206, 208) -1 -1 -1 
(206, 209) -1 -1 -1 
(206, 210) -1 -1 -1 
(207, 40) -1 -1 -1 
(207, 41) -1 -1 -1 
(207, 42) -1 -1 -1 
(207, 43) -1 -1 -1 
(207, 44) -1 -1 -1 
(207, 45) -1 -1 -1 
(207, 46) -1 -1 -1 
(207, 47) -1 -1 -1 
(207, 48) -1 -1 -1 
(207, 49) -1 -1 -1 
(207, 51) -1 -1 -1 
(207, 52) -1 -1 -1 
(207, 53) -1 -1 -1 
(207, 54) -1 -1 -1 
(207, 55) -1 -1 -1 
(207, 56) -1 -1 -1 
(207, 207) -1 -1 -1 
(208, 41) -1 -1 -1 
(208, 42) -1 -1 -1 
(208, 43) -1 -1 -1 
(208, 44) -1 -1 -1 
(208, 45) -1 -1 -1 
(208, 46) -1 -1 -1 
(208, 47) -1 -1 -1 
(208, 48) -1 -1 -1 
(208, 49) -1 -1 -1 
(208, 51) -1 -1 -1 
(208, 52) -1 -1 -1 
(208, 53) -1 -1 -1 
(208, 54) -1 -1 -1 
(208, 55) -1 -1 -1 
(208, 56) -1 -1 -1 
(209, 41) -1 -1 -1 
(209, 42) -1 -1 -1 
(209, 43) -1 -1 -1 
(209, 44) -1 -1 -1 
(209, 45) -1 -1 -1 
(209, 46) -1 -1 -1 
(209, 47) -1 -1 -1 
(209, 48) -1 -1 -1 
(209, 49) -1 -1 -1 
(209, 50) -1 -1 -1 
(209, 52) -1 -1 -1 
(209, 53) -1 -1 -1 
(209, 54) -1 -1 -1 
(209, 55) -1 -1 -1 
(209, 56) -1 -1 -1 
(210, 41) -1 -1 -1 
(210, 42) -1 -1 -1 
(210, 43) -1 -1 -1 
(210, 44) -1 -1 -1 
(210, 45) -1 -1 -1 
(210, 46) -1 -1 -1 
(210, 47) -1 -1 -1 
(210, 48) -1 -1 -1 
(210, 49) -1 -1 -1 
(210, 50) -1 -1 -1 
(210, 52) -1 -1 -1 
(210, 53) -1 -1 -1 
(210, 54) -1 -1 -1 
(210, 55) -1 -1 -1 
(210, 56) -1 -1 -1 
(210, 57) -1 -1 -1 
(211, 42) -1 -1 -1 
(211, 43) -1 -1 -1 
(211, 44) -1 -1 -1 
(211, 45) -1 -1 -1 
(211, 46) -1 -1 -1 
(211, 47) -1 -1 -1 
(211, 48) -1 -1 -1 
(211, 49) -1 -1 -1 
(211, 50) -1 -1 -1 
(211, 52) -1 -1 -1 
(211, 53) -1 -1 -1 
(211, 54) -1 -1 -1 
(211, 55) -1 -1 -1 
(211, 56) -1 -1 -1 
(211, 57) -1 -1 -1 
(212, 42) -1 -1 -1 
(212, 43) -1 -1 -1 
(212, 44) -1 -1 -1 
(212, 45) -1 -1 -1 
(212, 46) -1 -1 -1 
(212, 47) -1 -1 -1 
(212, 48) -1 -1 -1 
(212, 49) -1 -1 -1 
(212, 50) -1 -1 -1 
(212, 51) -1 -1 -1 
(212, 53) -1 -1 -1 
(212, 54) -1 -1 -1 
(212, 55) -1 -1 -1 
(212, 56) -1 -1 -1 
(212, 57) -1 -1 -1 
(213, 42) -1 -1 -1 
(213, 43) -1 -1 -1 
(213, 44) -1 -1 -1 
(213, 45) -1 -1 -1 
(213, 46) -1 -1 -1 
(213, 47) -1 -1 -1 
(213, 48) -1 -1 -1 
(213, 49) -1 -1 -1 
(213, 50) -1 -1 -1 
(213, 51) -1 -1 -1 
(213, 53) -1 -1 -1 
(213, 54) -1 -1 -1 
(213, 55) -1 -1 -1 
(213, 56) -1 -1 -1 
(213, 57) -1 -1 -1 
(214, 43) -1 -1 -1 
(214, 44) -1 -1 -1 
(214, 45) -1 -1 -1 
(214, 46) -1 -1 -1 
(214, 47) -1 -1 -1 
(214, 48) -1 -1 -1 
(214, 49) -1 -1 -1 
(214, 50) -1 -1 -1 
(214, 51) -1 -1 -1 
(214, 53) -1 -1 -1 
(214, 54) -1 -1 -1 
(215, 43) -1 -1 -1 
(215, 44) -1 -1 -1 
(215, 45) -1 -1 -1 
(215, 46) -1 -1 -1 
(215, 47) -1 -1 -1 
(215, 48) -1 -1 -1 
(215, 49) -1 -1 -1 
(215, 50) -1 -1 -1 
(215, 51) -1 -1 -1 
(215, 52) -1 -1 -1 
(216, 43) -1 -1 -1 
(216, 44) -1 -1 -1 
(216, 45) -1 -1 -1 
(216, 46) -1 -1 -1 
(216, 47) -1 -1 -1 
(216, 48) -1 -1 -1 
(216, 49) -1 -1 -1 
(216, 50) -1 -1 -1 
(216, 51) -1 -1 -1 
(216, 52) -1 -1 -1 
(217, 44) -1 -1 -1 
(217, 45) -1 -1 -1 
(217, 46) -1 -1 -1 
(217, 47) -1 -1 -1 
(217, 48) -1 -1 -1 
(217, 49) -1 -1 -1 
(217, 50) -1 -1 -1 
(217, 51) -1 -1 -1 
(217, 52) -1 -1 -1 
(218, 44) -1 -1 -1 
(218, 45) -1 -1 -1 
(218, 46) -1 -1 -1 
(218, 47) -1 -1 -1 
(218, 48) -1 -1 -1 
(218, 49) -1 -1 -1 
(218, 50) -1 -1 -1 
(218, 51) -1 -1 -1 
(218, 52) -1 -1 -1 
(218, 53) -1 -1 -1 
(219, 44) -1 -1 -1 
(219, 45) -1 -1 -1 
(219, 46) -1 -1 -1 
(219, 47) -1 -1 -1 
(219, 48) -1 -1 -1 
(219, 49) -1 -1 -1 
(219, 50) -1 -1 -1 
(219, 51) -1 -1 -1 
(219, 52) -1 -1 -1 
(219, 53) -1 -1 -1 
(220, 45) -1 -1 -1 
(220, 46) -1 -1 -1 
(220, 47) -1 -1 -1 
(220, 48) -1 -1 -1 
(220, 49) -1 -1 -1 
(220, 50) -1 -1 -1 
(220, 51) -1 -1 -1 
(220, 52) -1 -1 -1 
(220, 53) -1 -1 -1 
(221, 45) -1 -1 -1 
(221, 46) -1 -1 -1 
(221, 47) -1 -1 -1 
(221, 48) -1 -1 -1 
(221, 49) -1 -1 -1 
(221, 50) -1 -1 -1 
(221, 51) -1 -1 -1 
(221, 52) -1 -1 -1 
(221, 53) -1 -1 -1 
(221, 54) -1 -1 -1 
(222, 46) -1 -1 -1 
(222, 47) -1 -1 -1 
(222, 48) -1 -1 -1 
(222, 49) -1 -1 -1 
(222, 50) -1 -1 -1 
(222, 51) -1 -1 -1 
(222, 52) -1 -1 -1 
(222, 53) -1 -1 -1 
(222, 54) -1 -1 -1 
(223, 46) -1 -1 -1 
(223, 47) -1 -1 -1 
(223, 48) -1 -1 -1 
(223, 49) -1 -1 -1 
(223, 50) -1 -1 -1 
(223, 51) -1 -1 -1 
(223, 52) -1 -1 -1 
(223, 53) -1 -1 -1 
(223, 54) -1 -1 -1 
(224, 46) -1 -1 -1 
(224, 47) -1 -1 -1 
(224, 48) -1 -1 -1 
(224, 49) -1 -1 -1 
(224, 50) -1 -1 -1 
(224, 51) -1 -1 -1 
(224, 52) -1 -1 -1 
(224, 53) -1 -1 -1 
(224, 54) -1 -1 -1 
(225, 47) -1 -1 -1 
(225, 48) -1 -1 -1 
(225, 49) -1 -1 -1 
(225, 50) -1 -1 -1 
(225, 51) -1 -1 -1 
(225, 52) -1 -1 -1 
(225, 53) -1 -1 -1 
(225, 54) -1 -1 -1 
(225, 55) -1 -1 -1 
(226, 47) -1 -1 -1 
(226, 48) -1 -1 -1 
(226, 49) -1 -1 -1 
(226, 50) -1 -1 -1 
(226, 51) -1 -1 -1 
(226, 52) -1 -1 -1 
(226, 53) -1 -1 -1 
(226, 54) -1 -1 -1 
(226, 55) -1 -1 -1 
(227, 47) -1 -1 -1 
(227, 48) -1 -1 -1 
(227, 49) -1 -1 -1 
(227, 50) -1 -1 -1 
(227, 51) -1 -1 -1 
(227, 52) -1 -1 -1 
(227, 53) -1 -1 -1 
(227, 54) -1 -1 -1 
(227, 55) -1 -1 -1 
(228, 48) -1 -1 -1 
(228, 49) -1 -1 -1 
(228, 50) -1 -1 -1 
(228, 51) -1 -1 -1 
(228, 52) -1 -1 -1 
(228, 53) -1 -1 -1 
(228, 54) -1 -1 -1 
(228, 55) -1 -1 -1 
(228, 56) -1 -1 -1 
(229, 48) -1 -1 -1 
(229, 49) -1 -1 -1 
(229, 50) -1 -1 -1 
(229, 51) -1 -1 -1 
(229, 52) -1 -1 -1 
(229, 53) -1 -1 -1 
(229, 54) -1 -1 -1 
(229, 55) -1 -1 -1 
(229, 56) -1 -1 -1 
(230, 48) -1 -1 -1 
(230, 49) -1 -1 -1 
(230, 50) -1 -1 -1 
(230, 51) -1 -1 -1 
(230, 52) -1 -1 -1 
(230, 53) -1 -1 -1 
(230, 54) -1 -1 -1 
(230, 55) -1 -1 -1 
(230, 56) -1 -1 -1 
(231, 49) -1 -1 -1 
(231, 50) -1 -1 -1 
(231, 51) -1 -1 -1 
(231, 52) -1 -1 -1 
(231, 53) -1 -1 -1 
(231, 54) -1 -1 -1 
(231, 55) -1 -1 -1 
(231, 56) -1 -1 -1 
(231, 57) -1 -1 -1 
(232, 49) -1 -1 -1 
(232, 50) -1 -1 -1 
(232, 51) -1 -1 -1 
(232, 52) -1 -1 -1 
(232, 53) -1 -1 -1 
(232, 54) -1 -1 -1 
(232, 55) -1 -1 -1 
(232, 56) -1 -1 -1 
(232, 57) -1 -1 -1 
(233, 49) -1 -1 -1 
(233, 50) -1 -1 -1 
(233, 51) -1 -1 -1 
(233, 52) -1 -1 -1 
(233, 53) -1 -1 -1 
(233, 54) -1 -1 -1 
(233, 55) -1 -1 -1 
(233, 56) -1 -1 -1 
(233, 57) -1 -1 -1 
(234, 50) -1 -1 -1 
(234, 51) -1 -1 -1 
(234, 52) -1 -1 -1 
(234, 53) -1 -1 -1 
(234, 54) -1 -1 -1 
(234, 55) -1 -1 -1 
(234, 56) -1 -1 -1 
(234, 57) -1 -1 -1 
(234, 58) -1 -1 -1 
(235, 50) -1 -1 -1 
(235, 51) -1 -1 -1 
(235, 52) -1 -1 -1 
(235, 53) -1 -1 -1 
(235, 54) -1 -1 -1 
(235, 55) -1 -1 -1 
(235, 56) -1 -1 -1 
(235, 57) -1 -1 -1 
(235, 58) -1 -1 -1 
(236, 50) -1 -1 -1 
(236, 51) -1 -1 -1 
(236, 52) -1 -1 -1 
(236, 53) -1 -1 -1 
(236, 54) -1 -1 -1 
(236, 55) -1 -1 -1 
(236, 56) -1 -1 -1 
(236, 57) -1 -1 -1 
(236, 58) -1 -1 -1 
(237, 51) -1 -1 -1 
(237, 52) -1 -1 -1 
(237, 53) -1 -1 -1 
(237, 54) -1 -1 -1 
(237, 55) -1 -1 -1 
(237, 56) -1 -1 -1 
(237, 57) -1 -1 -1 
(237, 58) -1 -1 -1 
(237, 59) -1 -1 -1 
(238, 51) -1 -1 -1 
(238, 52) -1 -1 -1 
(238, 53) -1 -1 -1 
(238, 54) -1 -1 -1 
(238, 55) -1 -1 -1 
(238, 56) -1 -1 -1 
(238, 57) -1 -1 -1 
(238, 58) -1 -1 -1 
(238, 59) -1 -1 -1 
(239, 52) -1 -1 -1 
(239, 53) -1 -1 -1 
(239, 54) -1 -1 -1 
(239, 55) -1 -1 -1 
(239, 56) -1 -1 -1 
(239, 57) -1 -1 -1 
(239, 58) -1 -1 -1 
(239, 59) -1 -1 -1 
(240, 52) -1 -1 -1 
(240, 53) -1 -1 -1 
(240, 54) -1 -1 -1 
(240, 55) -1 -1 -1 
(240, 56) -1 -1 -1 
(240, 57) -1 -1 -1 
(240, 58) -1 -1 -1 
(240, 59) -1 -1 -1 
(240, 60) -1 -1 -1 
(241, 52) -1 -1 -1 
(241, 53) -1 -1 -1 
(241, 54) -1 -1 -1 
(241, 55) -1 -1 -1 
(241, 56) -1 -1 -1 
(241, 57) -1 -1 -1 
(241, 58) -1 -1 -1 
(241, 59) -1 -1 -1 
(241, 60) -1 -1 -1 
(242, 53) -1 -1 -1 
(242, 54) -1 -1 -1 
(242, 55) -1 -1 -1 
(242, 56) -1 -1 -1 
(242, 57) -1 -1 -1 
(242, 58) -1 -1 -1 
(242, 59) -1 -1 -1 
(242, 60) -1 -1 -1 
(243, 53) -1 -1 -1 
(243, 54) -1 -1 -1 
(243, 55) -1 -1 -1 
(243, 56) -1 -1 -1 
(243, 57) -1 -1 -1 
(243, 58) -1 -1 -1 
(243, 59) -1 -1 -1 
(243, 60) -1 -1 -1 
(244, 53) -1 -1 -1 
(244, 54) -1 -1 -1 
(244, 55) -1 -1 -1 
(244, 56) -1 -1 -1 
(244, 57) -1 -1 -1 
(244, 58) -1 -1 -1 
(244, 59) -1 -1 -1 
(244, 60) -1 -1 -1 
(244, 61) -1 -1 -1 
(245, 54) -1 -1 -1 
(245, 55) -1 -1 -1 
(245, 56) -1 -1 -1 
(245, 57) -1 -1 -1 
(245, 58) -1 -1 -1 
(245, 59) -1 -1 -1 
(245, 60) -1 -1 -1 
(245, 61) -1 -1 -1 
(246, 54) -1 -1 -1 
(246, 55) -1 -1 -1 
(246, 56) -1 -1 -1 
(246, 57) -1 -1 -1 
(246, 58) -1 -1 -1 
(246, 59) -1 -1 -1 
(246, 60) -1 -1 -1 
(246, 61) -1 -1 -1 
(247, 54) -1 -1 -1 
(247, 55) -1 -1 -1 
(247, 56) -1 -1 -1 
(247, 57) -1 -1 -1 
