(55, 126) 0 1 0 
(55, 129) 0 1 0 
(55, 130) 0 1 0 
(56, 113) 0 1 0 
(56, 114) 0 1 0 
(56, 116) 0 1 0 
(56, 123) 0 1 0 
(56, 125) 0 -1 0 
(56, 134) 0 -1 0 
(56, 136) 0 -1 0 
(56, 140) 0 -1 0 
(56, 142) 0 1 0 
(57, 112) 0 -1 0 
(57, 116) 0 1 0 
(57, 117) 0 -1 0 
(57, 118) 0 1 0 
(57, 122) 0 -1 0 
(57, 126) 0 -1 0 
(57, 137) 0 1 0 
(57, 138) 0 -1 0 
(57, 149) 0 1 0 
(57, 151) 0 -1 0 
(57, 152) 0 -1 0 
(58, 98) 0 1 0 
(58, 111) 0 1 0 
(58, 119) 0 -1 0 
(58, 124) 0 -1 0 
(58, 131) 0 -1 0 
(58, 135) 0 -1 0 
(58, 139) 0 -1 0 
(58, 140) 0 1 0 
(58, 141) 0 1 0 
(58, 148) 0 -1 0 
(58, 153) 0 1 0 
(59, 96) 0 -1 0 
(59, 99) 0 -1 0 
(59, 110) 0 1 0 
(59, 119) 0 1 0 
(59, 121) 0 -1 0 
(59, 128) 0 1 0 
(59, 160) 0 1 0 
(59, 161) 0 1 0 
(60, 91) 0 1 0 
(60, 94) 0 1 0 
(60, 97) 0 1 0 
(60, 101) 0 1 0 
(60, 103) 0 -1 0 
(60, 117) 0 -1 0 
(60, 120) 0 1 0 
(60, 129) 0 1 0 
(60, 131) 0 -1 0 
(60, 150) 0 -1 0 
(60, 154) 0 1 0 
(60, 156) 0 1 0 
(60, 165) 0 1 0 
(61, 94) 0 -1 0 
(61, 99) 0 -1 0 
(61, 100) 0 -1 0 
(61, 101) 0 1 0 
(61, 103) 0 1 0 
(61, 104) 0 -1 0 
(61, 106) 0 -1 0 
(61, 108) 0 -1 0 
(61, 113) 0 1 0 
(61, 121) 0 1 0 
(61, 126) 0 -1 0 
(61, 130) 0 -1 0 
(61, 168) 0 1 0 
(62, 83) 0 1 0 
(62, 87) 0 1 0 
(62, 91) 0 -1 0 
(62, 93) 0 -1 0 
(62, 100) 0 1 0 
(62, 101) 0 -1 0 
(62, 108) 0 -1 0 
(62, 114) 0 1 0 
(62, 116) 0 1 0 
(62, 127) 0 -1 0 
(62, 132) 0 1 0 
(62, 161) 0 1 0 
(62, 164) 0 -1 0 
(62, 167) 0 -1 0 
(63, 97) 0 1 0 
(63, 102) 0 1 0 
(63, 106) 0 1 0 
(63, 109) 0 -1 0 
(63, 117) 0 1 0 
(63, 127) 0 -1 0 
(63, 128) 0 -1 0 
(63, 133) 0 -1 0 
(63, 171) 0 -1 0 
(64, 81) 0 -1 0 
(64, 96) 0 1 0 
(64, 99) 0 1 0 
(64, 102) 0 -1 0 
(64, 104) 0 1 0 
(64, 120) 0 -1 0 
(64, 131) 0 1 0 
(64, 134) 0 -1 0 
(65, 77) 0 1 0 
(65, 90) 0 -1 0 
(65, 99) 0 -1 0 
(65, 101) 0 1 0 
(65, 108) 0 -1 0 
(65, 110) 0 -1 0 
(65, 115) 0 1 0 
(65, 118) 0 1 0 
(65, 119) 0 -1 0 
(65, 173) 0 1 0 
(65, 177) 0 -1 0 
(66, 76) 0 1 0 
(66, 80) 0 1 0 
(66, 95) 0 1 0 
(66, 101) 0 -1 0 
(66, 106) 0 -1 0 
(66, 109) 0 -1 0 
(66, 116) 0 1 0 
(66, 119) 0 1 0 
(66, 120) 0 -1 0 
(66, 121) 0 1 0 
(66, 131) 0 -1 0 
(66, 132) 0 1 0 
(66, 133) 0 1 0 
(66, 177) 0 -1 0 
(67, 75) 0 -1 0 
(67, 91) 0 1 0 
(67, 95) 0 -1 0 
(67, 101) 0 -1 0 
(67, 104) 0 -1 0 
(67, 105) 0 -1 0 
(67, 110) 0 -1 0 
(67, 112) 0 -1 0 
(67, 135) 0 -1 0 
(67, 182) 0 -1 0 
(67, 184) 0 -1 0 
(68, 73) 0 -1 0 
(68, 76) 0 -1 0 
(68, 79) 0 -1 0 
(68, 90) 0 1 0 
(68, 93) 0 1 0 
(68, 96) 0 1 0 
(68, 98) 0 -1 0 
(68, 106) 0 1 0 
(68, 115) 0 -1 0 
(68, 124) 0 1 0 
(68, 126) 0 -1 0 
(68, 133) 0 1 0 
(68, 135) 0 1 0 
(68, 184) 0 1 0 
(69, 68) 0 1 0 
(69, 88) 0 1 0 
(69, 95) 0 -1 0 
(69, 105) 0 -1 0 
(69, 109) 0 -1 0 
(69, 113) 0 -1 0 
(69, 116) 0 -1 0 
(69, 127) 0 -1 0 
(69, 131) 0 1 0 
(69, 183) 0 -1 0 
(69, 185) 0 -1 0 
(70, 72) 0 1 0 
(70, 84) 0 -1 0 
(70, 88) 0 -1 0 
(70, 108) 0 -1 0 
(70, 121) 0 -1 0 
(70, 125) 0 -1 0 
(70, 129) 0 -1 0 
(70, 130) 0 -1 0 
(71, 63) 0 1 0 
(71, 75) 0 1 0 
(71, 76) 0 1 0 
(71, 77) 0 1 0 
(71, 78) 0 -1 0 
(71, 83) 0 1 0 
(71, 86) 0 1 0 
(71, 95) 0 1 0 
(71, 96) 0 1 0 
(71, 102) 0 1 0 
(71, 107) 0 -1 0 
(71, 113) 0 1 0 
(71, 115) 0 1 0 
(71, 124) 0 1 0 
(71, 126) 0 -1 0 
(71, 134) 0 -1 0 
(71, 139) 0 -1 0 
(71, 140) 0 1 0 
(72, 66) 0 1 0 
(72, 68) 0 -1 0 
(72, 70) 0 -1 0 
(72, 75) 0 -1 0 
(72, 81) 0 1 0 
(72, 90) 0 1 0 
(72, 91) 0 1 0 
(72, 92) 0 1 0 
(72, 93) 0 -1 0 
(72, 99) 0 1 0 
(72, 100) 0 1 0 
(72, 118) 0 1 0 
(72, 124) 0 1 0 
(72, 127) 0 -1 0 
(72, 128) 0 -1 0 
(72, 189) 0 1 0 
(73, 63) 0 1 0 
(73, 78) 0 1 0 
(73, 86) 0 1 0 
(73, 91) 0 -1 0 
(73, 101) 0 -1 0 
(73, 103) 0 1 0 
(73, 109) 0 -1 0 
(73, 121) 0 -1 0 
(73, 134) 0 -1 0 
(73, 138) 0 -1 0 
(73, 139) 0 -1 0 
(73, 140) 0 -1 0 
(73, 141) 0 -1 0 
(73, 142) 0 -1 0 
(73, 143) 0 1 0 
(73, 145) 0 1 0 
(74, 59) 0 1 0 
(74, 67) 0 -1 0 
(74, 70) 0 1 0 
(74, 76) 0 1 0 
(74, 88) 0 -1 0 
(74, 108) 0 -1 0 
(74, 110) 0 1 0 
(74, 114) 0 1 0 
(74, 121) 0 -1 0 
(74, 125) 0 -1 0 
(75, 63) 0 1 0 
(75, 64) 0 1 0 
(75, 71) 0 -1 0 
(75, 72) 0 -1 0 
(75, 81) 0 -1 0 
(75, 86) 0 1 0 
(75, 103) 0 -1 0 
(75, 104) 0 -1 0 
(75, 106) 0 1 0 
(75, 107) 0 1 0 
(75, 112) 0 1 0 
(75, 114) 0 1 0 
(75, 116) 0 -1 0 
(75, 118) 0 -1 0 
(75, 122) 0 1 0 
(75, 132) 0 1 0 
(75, 140) 0 1 0 
(75, 141) 0 1 0 
(75, 142) 0 1 0 
(75, 143) 0 1 0 
(75, 193) 0 1 0 
(76, 55) 0 1 0 
(76, 67) 0 1 0 
(76, 79) 0 -1 0 
(76, 84) 0 1 0 
(76, 85) 0 1 0 
(76, 88) 0 -1 0 
(76, 100) 0 1 0 
(76, 106) 0 1 0 
(76, 112) 0 1 0 
(76, 114) 0 1 0 
(76, 116) 0 -1 0 
(76, 119) 0 1 0 
(76, 122) 0 1 0 
(76, 127) 0 1 0 
(76, 133) 0 1 0 
(76, 134) 0 1 0 
(76, 135) 0 -1 0 
(76, 137) 0 -1 0 
(76, 147) 0 1 0 
(76, 148) 0 1 0 
(76, 197) 0 1 0 
(77, 71) 0 1 0 
(77, 72) 0 1 0 
(77, 100) 0 -1 0 
(77, 107) 0 -1 0 
(77, 114) 0 1 0 
(77, 117) 0 1 0 
(77, 118) 0 -1 0 
(77, 122) 0 1 0 
(77, 126) 0 -1 0 
(77, 130) 0 1 0 
(77, 131) 0 1 0 
(77, 132) 0 -1 0 
(77, 141) 0 1 0 
(77, 143) 0 1 0 
(77, 144) 0 1 0 
(78, 65) 0 1 0 
(78, 73) 0 1 0 
(78, 75) 0 -1 0 
(78, 76) 0 -1 0 
(78, 84) 0 1 0 
(78, 89) 0 1 0 
(78, 107) 0 -1 0 
(78, 112) 0 1 0 
(78, 114) 0 1 0 
(78, 119) 0 1 0 
(78, 126) 0 -1 0 
(78, 133) 0 -1 0 
(78, 138) 0 1 0 
(78, 145) 0 -1 0 
(78, 148) 0 -1 0 
(78, 202) 0 1 0 
(79, 51) 0 -1 0 
(79, 52) 0 1 0 
(79, 53) 0 -1 0 
(79, 56) 0 -1 0 
(79, 60) 0 -1 0 
(79, 70) 0 -1 0 
(79, 76) 0 1 0 
(79, 78) 0 -1 0 
(79, 97) 0 -1 0 
(79, 105) 0 1 0 
(79, 106) 0 1 0 
(79, 107) 0 -1 0 
(79, 113) 0 -1 0 
(79, 121) 0 -1 0 
(79, 126) 0 1 0 
(79, 127) 0 1 0 
(79, 131) 0 -1 0 
(79, 139) 0 -1 0 
(79, 144) 0 1 0 
(79, 149) 0 1 0 
(79, 200) 0 1 0 
(80, 52) 0 1 0 
(80, 63) 0 -1 0 
(80, 74) 0 1 0 
(80, 77) 0 -1 0 
(80, 80) 0 -1 0 
(80, 84) 0 1 0 
(80, 91) 0 1 0 
(80, 106) 0 1 0 
(80, 110) 0 1 0 
(80, 117) 0 -1 0 
(80, 118) 0 1 0 
(80, 123) 0 -1 0 
(80, 125) 0 1 0 
(80, 126) 0 1 0 
(80, 130) 0 1 0 
(80, 131) 0 1 0 
(80, 132) 0 -1 0 
(80, 137) 0 1 0 
(80, 138) 0 -1 0 
(80, 147) 0 1 0 
(80, 152) 0 -1 0 
(80, 204) 0 1 0 
(81, 49) 0 1 0 
(81, 55) 0 1 0 
(81, 58) 0 -1 0 
(81, 59) 0 -1 0 
(81, 61) 0 1 0 
(81, 73) 0 -1 0 
(81, 76) 0 1 0 
(81, 79) 0 -1 0 
(81, 96) 0 1 0 
(81, 103) 0 1 0 
(81, 111) 0 1 0 
(81, 115) 0 1 0 
(81, 131) 0 1 0 
(81, 132) 0 -1 0 
(81, 133) 0 -1 0 
(81, 137) 0 -1 0 
(81, 146) 0 1 0 
(81, 202) 0 1 0 
(82, 49) 0 -1 0 
(82, 52) 0 -1 0 
(82, 57) 0 1 0 
(82, 61) 0 -1 0 
(82, 62) 0 -1 0 
(82, 63) 0 1 0 
(82, 65) 0 -1 0 
(82, 78) 0 1 0 
(82, 79) 0 1 0 
(82, 80) 0 -1 0 
(82, 84) 0 1 0 
(82, 87) 0 1 0 
(82, 90) 0 1 0 
(82, 100) 0 1 0 
(82, 104) 0 1 0 
(82, 107) 0 1 0 
(82, 108) 0 -1 0 
(82, 114) 0 -1 0 
(82, 119) 0 1 0 
(82, 122) 0 -1 0 
(82, 123) 0 1 0 
(82, 132) 0 1 0 
(82, 136) 0 1 0 
(82, 137) 0 -1 0 
(82, 141) 0 -1 0 
(82, 145) 0 1 0 
(82, 155) 0 1 0 
(83, 53) 0 1 0 
(83, 55) 0 1 0 
(83, 59) 0 1 0 
(83, 63) 0 1 0 
(83, 65) 0 1 0 
(83, 74) 0 -1 0 
(83, 77) 0 1 0 
(83, 85) 0 -1 0 
(83, 88) 0 -1 0 
(83, 91) 0 -1 0 
(83, 95) 0 -1 0 
(83, 97) 0 1 0 
(83, 98) 0 1 0 
(83, 109) 0 1 0 
(83, 112) 0 1 0 
(83, 126) 0 -1 0 
(83, 128) 0 -1 0 
(83, 129) 0 -1 0 
(83, 144) 0 1 0 
(83, 153) 0 -1 0 
(83, 157) 0 1 0 
(84, 53) 0 -1 0 
(84, 61) 0 1 0 
(84, 62) 0 -1 0 
(84, 68) 0 -1 0 
(84, 74) 0 1 0 
(84, 75) 0 -1 0 
(84, 81) 0 -1 0 
(84, 84) 0 1 0 
(84, 97) 0 -1 0 
(84, 99) 0 1 0 
(84, 110) 0 1 0 
(84, 117) 0 1 0 
(84, 124) 0 1 0 
(84, 130) 0 -1 0 
(84, 140) 0 -1 0 
(84, 143) 0 1 0 
(84, 146) 0 1 0 
(84, 155) 0 -1 0 
(84, 159) 0 1 0 
(84, 209) 0 1 0 
(85, 50) 0 -1 0 
(85, 52) 0 1 0 
(85, 63) 0 1 0 
(85, 66) 0 -1 0 
(85, 68) 0 1 0 
(85, 72) 0 1 0 
(85, 73) 0 -1 0 
(85, 85) 0 -1 0 
(85, 90) 0 -1 0 
(85, 93) 0 1 0 
(85, 94) 0 1 0 
(85, 101) 0 1 0 
(85, 105) 0 -1 0 
(85, 111) 0 1 0 
(85, 116) 0 -1 0 
(85, 123) 0 1 0 
(85, 134) 0 1 0 
(85, 137) 0 1 0 
(85, 150) 0 -1 0 
(85, 153) 0 -1 0 
(85, 156) 0 -1 0 
(85, 160) 0 1 0 
(85, 161) 0 1 0 
(86, 46) 0 1 0 
(86, 47) 0 -1 0 
(86, 52) 0 -1 0 
(86, 53) 0 -1 0 
(86, 56) 0 -1 0 
(86, 59) 0 1 0 
(86, 60) 0 -1 0 
(86, 70) 0 1 0 
(86, 71) 0 -1 0 
(86, 73) 0 1 0 
(86, 84) 0 1 0 
(86, 87) 0 1 0 
(86, 89) 0 1 0 
(86, 90) 0 -1 0 
(86, 94) 0 1 0 
(86, 98) 0 -1 0 
(86, 100) 0 1 0 
(86, 112) 0 1 0 
(86, 120) 0 1 0 
(86, 125) 0 1 0 
(86, 132) 0 -1 0 
(86, 140) 0 1 0 
(86, 145) 0 1 0 
(86, 149) 0 -1 0 
(86, 151) 0 1 0 
(86, 154) 0 -1 0 
(86, 161) 0 1 0 
(86, 207) 0 -1 0 
(86, 209) 0 -1 0 
(87, 69) 0 -1 0 
(87, 71) 0 1 0 
(87, 72) 0 -1 0 
(87, 76) 0 1 0 
(87, 78) 0 -1 0 
(87, 81) 0 1 0 
(87, 85) 0 -1 0 
(87, 94) 0 -1 0 
(87, 95) 0 1 0 
(87, 99) 0 1 0 
(87, 104) 0 -1 0 
(87, 107) 0 -1 0 
(87, 109) 0 -1 0 
(87, 110) 0 -1 0 
(87, 113) 0 1 0 
(87, 131) 0 -1 0 
(87, 135) 0 1 0 
(87, 136) 0 -1 0 
(87, 211) 0 1 0 
(88, 44) 0 1 0 
(88, 45) 0 -1 0 
(88, 50) 0 -1 0 
(88, 53) 0 -1 0 
(88, 56) 0 1 0 
(88, 60) 0 -1 0 
(88, 62) 0 1 0 
(88, 69) 0 1 0 
(88, 74) 0 1 0 
(88, 78) 0 1 0 
(88, 82) 0 1 0 
(88, 84) 0 1 0 
(88, 86) 0 -1 0 
(88, 88) 0 -1 0 
(88, 89) 0 1 0 
(88, 92) 0 -1 0 
(88, 93) 0 1 0 
(88, 99) 0 -1 0 
(88, 103) 0 -1 0 
(88, 109) 0 1 0 
(88, 114) 0 1 0 
(88, 118) 0 1 0 
(88, 121) 0 1 0 
(88, 126) 0 1 0 
(88, 128) 0 -1 0 
(88, 138) 0 1 0 
(88, 140) 0 1 0 
(88, 142) 0 1 0 
(88, 145) 0 -1 0 
(88, 146) 0 1 0 
(88, 148) 0 -1 0 
(88, 150) 0 -1 0 
(88, 153) 0 1 0 
(88, 160) 0 1 0 
(88, 209) 0 1 0 
(88, 210) 0 1 0 
(88, 211) 0 -1 0 
(89, 47) 0 1 0 
(89, 49) 0 -1 0 
(89, 56) 0 -1 0 
(89, 79) 0 1 0 
(89, 81) 0 -1 0 
(89, 83) 0 -1 0 
(89, 87) 0 1 0 
(89, 96) 0 1 0 
(89, 102) 0 -1 0 
(89, 115) 0 1 0 
(89, 117) 0 1 0 
(89, 121) 0 -1 0 
(89, 138) 0 1 0 
(89, 140) 0 1 0 
(89, 142) 0 1 0 
(89, 151) 0 -1 0 
(89, 153) 0 -1 0 
(89, 164) 0 1 0 
(89, 165) 0 -1 0 
(89, 211) 0 1 0 
(90, 42) 0 1 0 
(90, 45) 0 1 0 
(90, 48) 0 1 0 
(90, 62) 0 1 0 
(90, 67) 0 1 0 
(90, 70) 0 -1 0 
(90, 74) 0 1 0 
(90, 78) 0 -1 0 
(90, 86) 0 1 0 
(90, 99) 0 -1 0 
(90, 103) 0 -1 0 
(90, 114) 0 1 0 
(90, 120) 0 1 0 
(90, 124) 0 1 0 
(90, 126) 0 1 0 
(90, 127) 0 1 0 
(90, 133) 0 1 0 
(90, 159) 0 1 0 
(90, 162) 0 1 0 
(90, 213) 0 -1 0 
(90, 214) 0 -1 0 
(90, 215) 0 -1 0 
(91, 41) 0 1 0 
(91, 55) 0 1 0 
(91, 56) 0 -1 0 
(91, 60) 0 1 0 
(91, 65) 0 -1 0 
(91, 73) 0 -1 0 
(91, 76) 0 -1 0 
(91, 81) 0 -1 0 
(91, 92) 0 -1 0 
(91, 99) 0 -1 0 
(91, 100) 0 1 0 
(91, 111) 0 1 0 
(91, 112) 0 -1 0 
(91, 117) 0 1 0 
(91, 119) 0 1 0 
(91, 129) 0 1 0 
(91, 134) 0 -1 0 
(91, 137) 0 1 0 
(91, 139) 0 1 0 
(91, 144) 0 1 0 
(91, 146) 0 -1 0 
(91, 148) 0 1 0 
(91, 155) 0 1 0 
(91, 157) 0 1 0 
(91, 158) 0 -1 0 
(91, 163) 0 -1 0 
(91, 212) 0 1 0 
(92, 41) 0 1 0 
(92, 43) 0 1 0 
(92, 46) 0 1 0 
(92, 50) 0 -1 0 
(92, 54) 0 1 0 
(92, 55) 0 -1 0 
(92, 62) 0 1 0 
(92, 65) 0 -1 0 
(92, 68) 0 -1 0 
(92, 76) 0 1 0 
(92, 81) 0 1 0 
(92, 82) 0 -1 0 
(92, 88) 0 1 0 
(92, 102) 0 -1 0 
(92, 103) 0 1 0 
(92, 107) 0 1 0 
(92, 116) 0 1 0 
(92, 122) 0 -1 0 
(92, 125) 0 1 0 
(92, 126) 0 1 0 
(92, 128) 0 -1 0 
(92, 131) 0 -1 0 
(92, 133) 0 -1 0 
(92, 136) 0 1 0 
(92, 139) 0 1 0 
(92, 143) 0 -1 0 
(92, 149) 0 1 0 
(92, 152) 0 1 0 
(92, 154) 0 1 0 
(92, 156) 0 1 0 
(92, 161) 0 1 0 
(92, 166) 0 -1 0 
(92, 215) 0 1 0 
(93, 44) 0 -1 0 
(93, 53) 0 1 0 
(93, 58) 0 1 0 
(93, 74) 0 -1 0 
(93, 79) 0 1 0 
(93, 80) 0 -1 0 
(93, 82) 0 1 0 
(93, 95) 0 -1 0 
(93, 96) 0 1 0 
(93, 106) 0 -1 0 
(93, 107) 0 1 0 
(93, 135) 0 1 0 
(93, 138) 0 1 0 
(93, 144) 0 -1 0 
(93, 145) 0 1 0 
(93, 149) 0 -1 0 
(93, 152) 0 -1 0 
(93, 153) 0 1 0 
(93, 159) 0 1 0 
(93, 216) 0 1 0 
(94, 38) 0 1 0 
(94, 40) 0 -1 0 
(94, 44) 0 1 0 
(94, 60) 0 -1 0 
(94, 68) 0 1 0 
(94, 71) 0 1 0 
(94, 72) 0 -1 0 
(94, 78) 0 -1 0 
(94, 86) 0 -1 0 
(94, 89) 0 -1 0 
(94, 92) 0 -1 0 
(94, 96) 0 1 0 
(94, 98) 0 -1 0 
(94, 112) 0 -1 0 
(94, 125) 0 1 0 
(94, 127) 0 1 0 
(94, 137) 0 1 0 
(94, 140) 0 -1 0 
(94, 143) 0 -1 0 
(94, 156) 0 1 0 
(95, 42) 0 -1 0 
(95, 54) 0 -1 0 
(95, 56) 0 1 0 
(95, 58) 0 1 0 
(95, 63) 0 -1 0 
(95, 65) 0 1 0 
(95, 75) 0 -1 0 
(95, 81) 0 1 0 
(95, 84) 0 -1 0 
(95, 89) 0 1 0 
(95, 90) 0 -1 0 
(95, 92) 0 1 0 
(95, 99) 0 1 0 
(95, 103) 0 1 0 
(95, 105) 0 -1 0 
(95, 106) 0 1 0 
(95, 114) 0 -1 0 
(95, 120) 0 -1 0 
(95, 121) 0 1 0 
(95, 122) 0 1 0 
(95, 128) 0 1 0 
(95, 131) 0 1 0 
(95, 136) 0 -1 0 
(95, 146) 0 1 0 
(95, 157) 0 -1 0 
(95, 161) 0 -1 0 
(96, 37) 0 -1 0 
(96, 38) 0 1 0 
(96, 39) 0 1 0 
(96, 53) 0 -1 0 
(96, 57) 0 1 0 
(96, 68) 0 1 0 
(96, 69) 0 -1 0 
(96, 76) 0 -1 0 
(96, 85) 0 -1 0 
(96, 88) 0 1 0 
(96, 91) 0 1 0 
(96, 99) 0 1 0 
(96, 106) 0 1 0 
(96, 109) 0 -1 0 
(96, 110) 0 1 0 
(96, 120) 0 1 0 
(96, 125) 0 1 0 
(96, 127) 0 -1 0 
(96, 143) 0 -1 0 
(96, 146) 0 -1 0 
(96, 149) 0 1 0 
(96, 153) 0 1 0 
(96, 156) 0 1 0 
(96, 163) 0 1 0 
(96, 167) 0 1 0 
(96, 168) 0 -1 0 
(96, 171) 0 1 0 
(97, 38) 0 1 0 
(97, 41) 0 1 0 
(97, 45) 0 -1 0 
(97, 48) 0 -1 0 
(97, 51) 0 1 0 
(97, 54) 0 1 0 
(97, 56) 0 1 0 
(97, 62) 0 1 0 
(97, 63) 0 -1 0 
(97, 75) 0 1 0 
(97, 86) 0 -1 0 
(97, 93) 0 -1 0 
(97, 96) 0 1 0 
(97, 98) 0 1 0 
(97, 102) 0 1 0 
(97, 106) 0 1 0 
(97, 109) 0 -1 0 
(97, 110) 0 1 0 
(97, 116) 0 1 0 
(97, 119) 0 -1 0 
(97, 122) 0 1 0 
(97, 146) 0 -1 0 
(97, 150) 0 -1 0 
(97, 154) 0 -1 0 
(97, 162) 0 -1 0 
(97, 165) 0 1 0 
(97, 168) 0 1 0 
(97, 172) 0 1 0 
(97, 218) 0 -1 0 
(98, 43) 0 -1 0 
(98, 47) 0 -1 0 
(98, 50) 0 1 0 
(98, 61) 0 1 0 
(98, 68) 0 1 0 
(98, 69) 0 -1 0 
(98, 72) 0 -1 0 
(98, 91) 0 -1 0 
(98, 100) 0 -1 0 
(98, 102) 0 1 0 
(98, 109) 0 -1 0 
(98, 110) 0 1 0 
(98, 116) 0 1 0 
(98, 121) 0 -1 0 
(98, 124) 0 -1 0 
(98, 128) 0 1 0 
(98, 131) 0 -1 0 
(98, 134) 0 -1 0 
(98, 138) 0 -1 0 
(98, 150) 0 -1 0 
(98, 151) 0 -1 0 
(98, 153) 0 1 0 
(98, 154) 0 1 0 
(98, 156) 0 -1 0 
(98, 158) 0 -1 0 
(98, 162) 0 1 0 
(98, 164) 0 -1 0 
(98, 218) 0 1 0 
(99, 38) 0 -1 0 
(99, 46) 0 1 0 
(99, 48) 0 1 0 
(99, 52) 0 1 0 
(99, 54) 0 1 0 
(99, 60) 0 1 0 
(99, 61) 0 -1 0 
(99, 79) 0 -1 0 
(99, 88) 0 1 0 
(99, 89) 0 -1 0 
(99, 96) 0 1 0 
(99, 99) 0 -1 0 
(99, 101) 0 1 0 
(99, 104) 0 -1 0 
(99, 105) 0 1 0 
(99, 110) 0 1 0 
(99, 116) 0 1 0 
(99, 121) 0 -1 0 
(99, 124) 0 -1 0 
(99, 131) 0 -1 0 
(99, 134) 0 -1 0 
(99, 138) 0 -1 0 
(99, 155) 0 1 0 
(99, 157) 0 -1 0 
(99, 160) 0 -1 0 
(99, 164) 0 1 0 
(99, 165) 0 -1 0 
(99, 172) 0 1 0 
(99, 173) 0 -1 0 
(99, 219) 0 1 0 
(100, 35) 0 -1 0 
(100, 45) 0 -1 0 
(100, 47) 0 1 0 
(100, 53) 0 1 0 
(100, 57) 0 1 0 
(100, 59) 0 1 0 
(100, 66) 0 1 0 
(100, 76) 0 1 0 
(100, 77) 0 -1 0 
(100, 89) 0 1 0 
(100, 93) 0 1 0 
(100, 98) 0 -1 0 
(100, 107) 0 -1 0 
(100, 119) 0 1 0 
(100, 125) 0 -1 0 
(100, 129) 0 -1 0 
(100, 140) 0 -1 0 
(100, 143) 0 1 0 
(100, 144) 0 -1 0 
(100, 145) 0 -1 0 
(100, 148) 0 -1 0 
(100, 152) 0 1 0 
(100, 166) 0 1 0 
(100, 169) 0 1 0 
(101, 42) 0 1 0 
(101, 60) 0 -1 0 
(101, 65) 0 -1 0 
(101, 71) 0 1 0 
(101, 72) 0 -1 0 
(101, 81) 0 1 0 
(101, 82) 0 -1 0 
(101, 87) 0 -1 0 
(101, 99) 0 -1 0 
(101, 101) 0 1 0 
(101, 104) 0 -1 0 
(101, 112) 0 -1 0 
(101, 114) 0 -1 0 
(101, 129) 0 -1 0 
(101, 159) 0 1 0 
(101, 167) 0 1 0 
(101, 173) 0 -1 0 
(102, 35) 0 -1 0 
(102, 45) 0 1 0 
(102, 55) 0 1 0 
(102, 71) 0 -1 0 
(102, 83) 0 -1 0 
(102, 86) 0 1 0 
(102, 97) 0 -1 0 
(102, 98) 0 -1 0 
(102, 100) 0 1 0 
(102, 107) 0 -1 0 
(102, 120) 0 1 0 
(102, 123) 0 -1 0 
(102, 127) 0 -1 0 
(102, 130) 0 -1 0 
(102, 132) 0 -1 0 
(102, 137) 0 1 0 
(102, 146) 0 1 0 
(102, 148) 0 -1 0 
(102, 149) 0 -1 0 
(102, 150) 0 -1 0 
(102, 151) 0 1 0 
(102, 157) 0 -1 0 
(102, 162) 0 1 0 
(102, 164) 0 -1 0 
(102, 170) 0 -1 0 
(102, 218) 0 -1 0 
(102, 220) 0 1 0 
(103, 39) 0 1 0 
(103, 61) 0 -1 0 
(103, 67) 0 -1 0 
(103, 77) 0 -1 0 
(103, 80) 0 1 0 
(103, 87) 0 1 0 
(103, 89) 0 -1 0 
(103, 93) 0 -1 0 
(103, 104) 0 -1 0 
(103, 105) 0 1 0 
(103, 108) 0 -1 0 
(103, 109) 0 1 0 
(103, 113) 0 -1 0 
(103, 134) 0 1 0 
(103, 137) 0 -1 0 
(103, 164) 0 -1 0 
(103, 166) 0 -1 0 
(103, 170) 0 1 0 
(103, 176) 0 -1 0 
(104, 33) 0 -1 0 
(104, 34) 0 -1 0 
(104, 38) 0 -1 0 
(104, 40) 0 -1 0 
(104, 42) 0 1 0 
(104, 43) 0 -1 0 
(104, 45) 0 1 0 
(104, 48) 0 -1 0 
(104, 53) 0 1 0 
(104, 65) 0 1 0 
(104, 66) 0 -1 0 
(104, 69) 0 1 0 
(104, 70) 0 -1 0 
(104, 74) 0 1 0 
(104, 75) 0 -1 0 
(104, 87) 0 1 0 
(104, 94) 0 -1 0 
(104, 98) 0 1 0 
(104, 100) 0 -1 0 
(104, 104) 0 -1 0 
(104, 106) 0 1 0 
(104, 108) 0 -1 0 
(104, 111) 0 -1 0 
(104, 112) 0 1 0 
(104, 119) 0 1 0 
(104, 124) 0 -1 0 
(104, 126) 0 -1 0 
(104, 127) 0 -1 0 
(104, 132) 0 -1 0 
(104, 137) 0 1 0 
(104, 138) 0 1 0 
(104, 143) 0 1 0 
(104, 147) 0 -1 0 
(104, 151) 0 -1 0 
(104, 160) 0 1 0 
(104, 170) 0 1 0 
(105, 32) 0 -1 0 
(105, 33) 0 1 0 
(105, 38) 0 1 0 
(105, 41) 0 -1 0 
(105, 42) 0 -1 0 
(105, 44) 0 -1 0 
(105, 45) 0 -1 0 
(105, 46) 0 1 0 
(105, 58) 0 -1 0 
(105, 65) 0 -1 0 
(105, 83) 0 -1 0 
(105, 93) 0 1 0 
(105, 94) 0 -1 0 
(105, 101) 0 1 0 
(105, 106) 0 1 0 
(105, 112) 0 1 0 
(105, 117) 0 -1 0 
(105, 126) 0 1 0 
(105, 131) 0 -1 0 
(105, 133) 0 1 0 
(105, 140) 0 -1 0 
(105, 148) 0 1 0 
(105, 150) 0 1 0 
(105, 159) 0 1 0 
(105, 166) 0 1 0 
(105, 168) 0 -1 0 
(105, 173) 0 1 0 
(105, 222) 0 -1 0 
(106, 32) 0 -1 0 
(106, 34) 0 1 0 
(106, 36) 0 -1 0 
(106, 48) 0 -1 0 
(106, 50) 0 -1 0 
(106, 59) 0 1 0 
(106, 67) 0 1 0 
(106, 74) 0 -1 0 
(106, 79) 0 1 0 
(106, 80) 0 1 0 
(106, 86) 0 1 0 
(106, 88) 0 -1 0 
(106, 92) 0 1 0 
(106, 95) 0 -1 0 
(106, 99) 0 -1 0 
(106, 101) 0 1 0 
(106, 108) 0 1 0 
(106, 119) 0 1 0 
(106, 124) 0 1 0 
(106, 125) 0 1 0 
(106, 126) 0 1 0 
(106, 127) 0 -1 0 
(106, 128) 0 -1 0 
(106, 130) 0 1 0 
(106, 132) 0 1 0 
(106, 135) 0 1 0 
(106, 136) 0 1 0 
(106, 141) 0 -1 0 
(106, 157) 0 1 0 
(106, 159) 0 1 0 
(106, 163) 0 1 0 
(107, 32) 0 -1 0 
(107, 35) 0 1 0 
(107, 40) 0 -1 0 
(107, 59) 0 1 0 
(107, 60) 0 -1 0 
(107, 68) 0 -1 0 
(107, 72) 0 -1 0 
(107, 81) 0 -1 0 
(107, 86) 0 1 0 
(107, 92) 0 1 0 
(107, 93) 0 -1 0 
(107, 95) 0 -1 0 
(107, 98) 0 1 0 
(107, 101) 0 1 0 
(107, 106) 0 -1 0 
(107, 115) 0 1 0 
(107, 121) 0 1 0 
(107, 139) 0 -1 0 
(107, 142) 0 -1 0 
(107, 144) 0 -1 0 
(107, 148) 0 -1 0 
(107, 155) 0 -1 0 
(107, 159) 0 1 0 
(107, 163) 0 1 0 
(107, 219) 0 1 0 
(107, 223) 0 -1 0 
(108, 34) 0 -1 0 
(108, 36) 0 1 0 
(108, 41) 0 1 0 
(108, 48) 0 -1 0 
(108, 49) 0 1 0 
(108, 52) 0 -1 0 
(108, 69) 0 1 0 
(108, 75) 0 1 0 
(108, 86) 0 -1 0 
(108, 96) 0 1 0 
(108, 103) 0 1 0 
(108, 118) 0 -1 0 
(108, 119) 0 -1 0 
(108, 120) 0 1 0 
(108, 122) 0 -1 0 
(108, 135) 0 -1 0 
(108, 142) 0 -1 0 
(108, 143) 0 -1 0 
(108, 144) 0 -1 0 
(108, 145) 0 -1 0 
(108, 147) 0 -1 0 
(108, 153) 0 -1 0 
(108, 155) 0 1 0 
(108, 163) 0 1 0 
(108, 165) 0 -1 0 
(108, 166) 0 1 0 
(108, 168) 0 1 0 
(108, 171) 0 -1 0 
(108, 177) 0 1 0 
(108, 180) 0 1 0 
(108, 222) 0 -1 0 
(109, 43) 0 -1 0 
(109, 44) 0 1 0 
(109, 47) 0 1 0 
(109, 54) 0 1 0 
(109, 62) 0 -1 0 
(109, 75) 0 -1 0 
(109, 82) 0 1 0 
(109, 89) 0 1 0 
(109, 90) 0 -1 0 
(109, 95) 0 1 0 
(109, 99) 0 1 0 
(109, 102) 0 1 0 
(109, 115) 0 1 0 
(109, 116) 0 -1 0 
(109, 119) 0 1 0 
(109, 121) 0 -1 0 
(109, 122) 0 1 0 
(109, 125) 0 -1 0 
(109, 133) 0 -1 0 
(109, 136) 0 -1 0 
(109, 146) 0 -1 0 
(109, 147) 0 -1 0 
(109, 148) 0 -1 0 
(109, 151) 0 -1 0 
(109, 161) 0 -1 0 
(109, 165) 0 -1 0 
(109, 176) 0 1 0 
(109, 180) 0 -1 0 
(110, 35) 0 1 0 
(110, 37) 0 -1 0 
(110, 48) 0 -1 0 
(110, 49) 0 1 0 
(110, 59) 0 -1 0 
(110, 64) 0 1 0 
(110, 67) 0 -1 0 
(110, 72) 0 1 0 
(110, 79) 0 1 0 
(110, 81) 0 -1 0 
(110, 88) 0 -1 0 
(110, 98) 0 1 0 
(110, 101) 0 1 0 
(110, 104) 0 -1 0 
(110, 111) 0 1 0 
(110, 116) 0 1 0 
(110, 121) 0 1 0 
(110, 126) 0 1 0 
(110, 127) 0 1 0 
(110, 135) 0 1 0 
(110, 138) 0 1 0 
(110, 140) 0 1 0 
(110, 150) 0 -1 0 
(110, 165) 0 -1 0 
(110, 166) 0 1 0 
(110, 167) 0 -1 0 
(110, 169) 0 -1 0 
(110, 176) 0 1 0 
(110, 179) 0 1 0 
(110, 180) 0 -1 0 
(111, 31) 0 1 0 
(111, 35) 0 -1 0 
(111, 36) 0 -1 0 
(111, 43) 0 -1 0 
(111, 45) 0 1 0 
(111, 61) 0 1 0 
(111, 62) 0 -1 0 
(111, 64) 0 -1 0 
(111, 72) 0 -1 0 
(111, 76) 0 1 0 
(111, 91) 0 1 0 
(111, 92) 0 -1 0 
(111, 96) 0 1 0 
(111, 102) 0 1 0 
(111, 105) 0 -1 0 
(111, 106) 0 1 0 
(111, 109) 0 1 0 
(111, 123) 0 -1 0 
(111, 124) 0 1 0 
(111, 129) 0 -1 0 
(111, 134) 0 -1 0 
(111, 136) 0 -1 0 
(111, 162) 0 1 0 
(111, 165) 0 -1 0 
(111, 172) 0 -1 0 
(112, 37) 0 -1 0 
(112, 38) 0 1 0 
(112, 59) 0 -1 0 
(112, 64) 0 1 0 
(112, 66) 0 1 0 
(112, 75) 0 -1 0 
(112, 81) 0 1 0 
(112, 83) 0 -1 0 
(112, 94) 0 -1 0 
(112, 109) 0 1 0 
(112, 116) 0 1 0 
(112, 130) 0 -1 0 
(112, 139) 0 1 0 
(112, 144) 0 -1 0 
(112, 149) 0 1 0 
(112, 153) 0 -1 0 
(112, 154) 0 -1 0 
(112, 155) 0 1 0 
(112, 157) 0 1 0 
(112, 162) 0 1 0 
(112, 170) 0 -1 0 
(112, 172) 0 -1 0 
(112, 178) 0 1 0 
(112, 183) 0 -1 0 
(113, 42) 0 -1 0 
(113, 45) 0 1 0 
(113, 61) 0 1 0 
(113, 62) 0 1 0 
(113, 71) 0 1 0 
(113, 72) 0 -1 0 
(113, 77) 0 1 0 
(113, 78) 0 -1 0 
(113, 86) 0 1 0 
(113, 87) 0 -1 0 
(113, 95) 0 1 0 
(113, 98) 0 1 0 
(113, 101) 0 1 0 
(113, 103) 0 1 0 
(113, 116) 0 -1 0 
(113, 119) 0 -1 0 
(113, 122) 0 1 0 
(113, 126) 0 -1 0 
(113, 127) 0 -1 0 
(113, 128) 0 -1 0 
(113, 132) 0 1 0 
(113, 135) 0 -1 0 
(113, 138) 0 1 0 
(113, 141) 0 -1 0 
(113, 149) 0 1 0 
(113, 153) 0 -1 0 
(113, 155) 0 -1 0 
(113, 156) 0 1 0 
(114, 31) 0 1 0 
(114, 36) 0 1 0 
(114, 40) 0 1 0 
(114, 52) 0 -1 0 
(114, 64) 0 1 0 
(114, 66) 0 1 0 
(114, 74) 0 1 0 
(114, 81) 0 1 0 
(114, 87) 0 1 0 
(114, 99) 0 1 0 
(114, 101) 0 1 0 
(114, 105) 0 -1 0 
(114, 108) 0 -1 0 
(114, 109) 0 -1 0 
(114, 114) 0 1 0 
(114, 118) 0 1 0 
(114, 120) 0 1 0 
(114, 132) 0 -1 0 
(114, 135) 0 -1 0 
(114, 140) 0 -1 0 
(114, 144) 0 1 0 
(114, 150) 0 -1 0 
(114, 158) 0 1 0 
(114, 165) 0 -1 0 
(114, 166) 0 1 0 
(114, 168) 0 1 0 
(114, 173) 0 -1 0 
(114, 175) 0 -1 0 
(114, 180) 0 1 0 
(114, 184) 0 1 0 
(114, 220) 0 1 0 
(115, 31) 0 1 0 
(115, 47) 0 1 0 
(115, 49) 0 1 0 
(115, 61) 0 1 0 
(115, 62) 0 -1 0 
(115, 75) 0 1 0 
(115, 77) 0 1 0 
(115, 78) 0 -1 0 
(115, 84) 0 1 0 
(115, 85) 0 -1 0 
(115, 99) 0 1 0 
(115, 101) 0 1 0 
(115, 105) 0 -1 0 
(115, 117) 0 -1 0 
(115, 121) 0 1 0 
(115, 123) 0 -1 0 
(115, 125) 0 1 0 
(115, 130) 0 1 0 
(115, 142) 0 -1 0 
(115, 147) 0 1 0 
(115, 154) 0 1 0 
(115, 159) 0 1 0 
(115, 163) 0 1 0 
(115, 166) 0 1 0 
(115, 169) 0 1 0 
(115, 183) 0 1 0 
(116, 32) 0 -1 0 
(116, 33) 0 -1 0 
(116, 34) 0 1 0 
(116, 37) 0 1 0 
(116, 41) 0 1 0 
(116, 59) 0 -1 0 
(116, 65) 0 -1 0 
(116, 76) 0 -1 0 
(116, 85) 0 1 0 
(116, 87) 0 -1 0 
(116, 97) 0 -1 0 
(116, 101) 0 1 0 
(116, 114) 0 1 0 
(116, 115) 0 -1 0 
(116, 123) 0 1 0 
(116, 132) 0 1 0 
(116, 133) 0 -1 0 
(116, 142) 0 -1 0 
(116, 149) 0 -1 0 
(116, 150) 0 1 0 
(116, 159) 0 -1 0 
(116, 163) 0 -1 0 
(116, 164) 0 1 0 
(116, 169) 0 -1 0 
(116, 172) 0 1 0 
(116, 185) 0 1 0 
(117, 31) 0 -1 0 
(117, 32) 0 1 0 
(117, 46) 0 -1 0 
(117, 50) 0 -1 0 
(117, 52) 0 -1 0 
(117, 53) 0 -1 0 
(117, 55) 0 -1 0 
(117, 60) 0 1 0 
(117, 68) 0 1 0 
(117, 71) 0 -1 0 
(117, 81) 0 1 0 
(117, 82) 0 -1 0 
(117, 88) 0 -1 0 
(117, 99) 0 -1 0 
(117, 104) 0 1 0 
(117, 116) 0 -1 0 
(117, 119) 0 -1 0 
(117, 128) 0 1 0 
(117, 129) 0 1 0 
(117, 130) 0 1 0 
(117, 134) 0 1 0 
(117, 135) 0 1 0 
(117, 142) 0 -1 0 
(117, 145) 0 1 0 
(117, 148) 0 1 0 
(117, 156) 0 -1 0 
(117, 157) 0 1 0 
(117, 161) 0 1 0 
(117, 167) 0 1 0 
(117, 169) 0 -1 0 
(117, 170) 0 1 0 
(117, 182) 0 -1 0 
(117, 221) 0 1 0 
(117, 223) 0 -1 0 
(118, 38) 0 -1 0 
(118, 43) 0 1 0 
(118, 45) 0 1 0 
(118, 50) 0 1 0 
(118, 56) 0 1 0 
(118, 57) 0 1 0 
(118, 58) 0 -1 0 
(118, 62) 0 1 0 
(118, 64) 0 -1 0 
(118, 71) 0 1 0 
(118, 72) 0 -1 0 
(118, 74) 0 -1 0 
(118, 78) 0 -1 0 
(118, 82) 0 1 0 
(118, 85) 0 -1 0 
(118, 99) 0 -1 0 
(118, 102) 0 1 0 
(118, 105) 0 -1 0 
(118, 122) 0 1 0 
(118, 124) 0 -1 0 
(118, 133) 0 1 0 
(118, 150) 0 -1 0 
(118, 168) 0 1 0 
(118, 173) 0 1 0 
(118, 178) 0 -1 0 
(118, 181) 0 -1 0 
(119, 33) 0 -1 0 
(119, 35) 0 1 0 
(119, 41) 0 -1 0 
(119, 65) 0 1 0 
(119, 67) 0 -1 0 
(119, 74) 0 1 0 
(119, 81) 0 -1 0 
(119, 83) 0 1 0 
(119, 88) 0 1 0 
(119, 89) 0 -1 0 
(119, 92) 0 -1 0 
(119, 94) 0 1 0 
(119, 98) 0 1 0 
(119, 100) 0 -1 0 
(119, 104) 0 1 0 
(119, 117) 0 -1 0 
(119, 125) 0 1 0 
(119, 126) 0 1 0 
(119, 136) 0 1 0 
(119, 144) 0 -1 0 
(119, 150) 0 1 0 
(119, 169) 0 1 0 
(119, 171) 0 -1 0 
(119, 173) 0 -1 0 
(119, 177) 0 -1 0 
(119, 180) 0 -1 0 
(119, 186) 0 -1 0 
(120, 36) 0 -1 0 
(120, 39) 0 -1 0 
(120, 46) 0 -1 0 
(120, 56) 0 -1 0 
(120, 61) 0 1 0 
(120, 75) 0 1 0 
(120, 76) 0 -1 0 
(120, 84) 0 1 0 
(120, 85) 0 -1 0 
(120, 96) 0 -1 0 
(120, 106) 0 -1 0 
(120, 109) 0 -1 0 
(120, 110) 0 -1 0 
(120, 114) 0 1 0 
(120, 115) 0 -1 0 
(120, 117) 0 -1 0 
(120, 121) 0 1 0 
(120, 123) 0 -1 0 
(120, 130) 0 -1 0 
(120, 141) 0 1 0 
(120, 144) 0 -1 0 
(120, 147) 0 1 0 
(120, 151) 0 -1 0 
(120, 160) 0 -1 0 
(120, 169) 0 -1 0 
(120, 174) 0 1 0 
(120, 181) 0 1 0 
(120, 186) 0 1 0 
(121, 31) 0 1 0 
(121, 32) 0 -1 0 
(121, 39) 0 1 0 
(121, 43) 0 1 0 
(121, 46) 0 1 0 
(121, 48) 0 1 0 
(121, 51) 0 1 0 
(121, 54) 0 -1 0 
(121, 57) 0 -1 0 
(121, 59) 0 -1 0 
(121, 63) 0 1 0 
(121, 71) 0 -1 0 
(121, 76) 0 1 0 
(121, 77) 0 -1 0 
(121, 81) 0 -1 0 
(121, 85) 0 1 0 
(121, 88) 0 1 0 
(121, 93) 0 1 0 
(121, 97) 0 1 0 
(121, 100) 0 1 0 
(121, 104) 0 1 0 
(121, 108) 0 1 0 
(121, 114) 0 1 0 
(121, 115) 0 -1 0 
(121, 124) 0 1 0 
(121, 130) 0 1 0 
(121, 131) 0 1 0 
(121, 154) 0 1 0 
(121, 156) 0 1 0 
(121, 159) 0 1 0 
(121, 162) 0 1 0 
(121, 173) 0 1 0 
(121, 181) 0 -1 0 
(121, 183) 0 1 0 
(121, 186) 0 -1 0 
(121, 223) 0 1 0 
(121, 225) 0 1 0 
(122, 38) 0 1 0 
(122, 39) 0 1 0 
(122, 60) 0 -1 0 
(122, 63) 0 1 0 
(122, 64) 0 1 0 
(122, 65) 0 -1 0 
(122, 66) 0 -1 0 
(122, 71) 0 1 0 
(122, 77) 0 1 0 
(122, 78) 0 -1 0 
(122, 81) 0 1 0 
(122, 82) 0 -1 0 
(122, 88) 0 1 0 
(122, 93) 0 -1 0 
(122, 95) 0 -1 0 
(122, 124) 0 -1 0 
(122, 128) 0 1 0 
(122, 134) 0 1 0 
(122, 143) 0 1 0 
(122, 144) 0 -1 0 
(122, 146) 0 -1 0 
(122, 150) 0 -1 0 
(122, 152) 0 -1 0 
(122, 158) 0 1 0 
(122, 162) 0 -1 0 
(122, 163) 0 1 0 
(122, 173) 0 -1 0 
(122, 180) 0 -1 0 
(122, 188) 0 1 0 
(123, 33) 0 1 0 
(123, 35) 0 -1 0 
(123, 40) 0 1 0 
(123, 41) 0 -1 0 
(123, 44) 0 -1 0 
(123, 57) 0 1 0 
(123, 60) 0 1 0 
(123, 65) 0 1 0 
(123, 66) 0 -1 0 
(123, 73) 0 -1 0 
(123, 77) 0 1 0 
(123, 87) 0 1 0 
(123, 88) 0 -1 0 
(123, 90) 0 1 0 
(123, 106) 0 -1 0 
(123, 111) 0 -1 0 
(123, 117) 0 1 0 
(123, 119) 0 1 0 
(123, 123) 0 1 0 
(123, 126) 0 1 0 
(123, 134) 0 -1 0 
(123, 142) 0 -1 0 
(123, 145) 0 1 0 
(123, 146) 0 -1 0 
(123, 150) 0 1 0 
(123, 154) 0 -1 0 
(123, 161) 0 -1 0 
(123, 165) 0 1 0 
(123, 167) 0 -1 0 
(123, 168) 0 1 0 
(123, 172) 0 1 0 
(123, 176) 0 1 0 
(123, 179) 0 -1 0 
(123, 180) 0 1 0 
(123, 182) 0 -1 0 
(123, 186) 0 1 0 
(123, 223) 0 -1 0 
(124, 33) 0 -1 0 
(124, 35) 0 1 0 
(124, 41) 0 1 0 
(124, 48) 0 -1 0 
(124, 50) 0 -1 0 
(124, 66) 0 1 0 
(124, 78) 0 -1 0 
(124, 92) 0 -1 0 
(124, 94) 0 -1 0 
(124, 97) 0 -1 0 
(124, 103) 0 -1 0 
(124, 104) 0 -1 0 
(124, 107) 0 -1 0 
(124, 111) 0 -1 0 
(124, 114) 0 1 0 
(124, 118) 0 1 0 
(124, 129) 0 1 0 
(124, 137) 0 1 0 
(124, 139) 0 1 0 
(124, 148) 0 -1 0 
(124, 150) 0 1 0 
(124, 155) 0 -1 0 
(124, 158) 0 -1 0 
(124, 160) 0 -1 0 
(124, 163) 0 -1 0 
(124, 164) 0 1 0 
(124, 168) 0 -1 0 
(124, 178) 0 -1 0 
(124, 180) 0 -1 0 
(124, 182) 0 1 0 
(124, 185) 0 1 0 
(124, 222) 0 1 0 
(125, 33) 0 1 0 
(125, 34) 0 1 0 
(125, 37) 0 -1 0 
(125, 41) 0 1 0 
(125, 43) 0 1 0 
(125, 44) 0 -1 0 
(125, 45) 0 1 0 
(125, 49) 0 1 0 
(125, 50) 0 1 0 
(125, 51) 0 -1 0 
(125, 62) 0 1 0 
(125, 67) 0 1 0 
(125, 72) 0 1 0 
(125, 73) 0 -1 0 
(125, 89) 0 1 0 
(125, 93) 0 -1 0 
(125, 96) 0 -1 0 
(125, 97) 0 1 0 
(125, 101) 0 -1 0 
(125, 103) 0 1 0 
(125, 105) 0 -1 0 
(125, 113) 0 -1 0 
(125, 117) 0 -1 0 
(125, 121) 0 -1 0 
(125, 131) 0 -1 0 
(125, 135) 0 -1 0 
(125, 143) 0 -1 0 
(125, 147) 0 1 0 
(125, 148) 0 -1 0 
(125, 155) 0 1 0 
(125, 157) 0 -1 0 
(125, 159) 0 -1 0 
(125, 165) 0 1 0 
(125, 175) 0 -1 0 
(125, 181) 0 1 0 
(125, 219) 0 -1 0 
(126, 47) 0 1 0 
(126, 51) 0 1 0 
(126, 53) 0 1 0 
(126, 54) 0 -1 0 
(126, 55) 0 -1 0 
(126, 64) 0 -1 0 
(126, 68) 0 1 0 
(126, 70) 0 -1 0 
(126, 73) 0 1 0 
(126, 78) 0 -1 0 
(126, 81) 0 1 0 
(126, 86) 0 1 0 
(126, 89) 0 -1 0 
(126, 94) 0 -1 0 
(126, 99) 0 -1 0 
(126, 101) 0 1 0 
(126, 104) 0 1 0 
(126, 107) 0 1 0 
(126, 108) 0 1 0 
(126, 114) 0 1 0 
(126, 117) 0 1 0 
(126, 126) 0 1 0 
(126, 128) 0 -1 0 
(126, 130) 0 1 0 
(126, 138) 0 1 0 
(126, 150) 0 1 0 
(126, 151) 0 -1 0 
(126, 153) 0 1 0 
(126, 157) 0 1 0 
(126, 163) 0 -1 0 
(126, 164) 0 1 0 
(126, 172) 0 -1 0 
(126, 174) 0 1 0 
(126, 176) 0 -1 0 
(126, 182) 0 1 0 
(126, 186) 0 -1 0 
(126, 220) 0 1 0 
(127, 32) 0 -1 0 
(127, 45) 0 1 0 
(127, 46) 0 1 0 
(127, 48) 0 -1 0 
(127, 56) 0 -1 0 
(127, 64) 0 1 0 
(127, 65) 0 -1 0 
(127, 73) 0 1 0 
(127, 88) 0 -1 0 
(127, 92) 0 -1 0 
(127, 97) 0 1 0 
(127, 136) 0 -1 0 
(127, 138) 0 -1 0 
(127, 143) 0 1 0 
(127, 146) 0 -1 0 
(127, 150) 0 -1 0 
(127, 158) 0 1 0 
(127, 160) 0 -1 0 
(127, 175) 0 -1 0 
(127, 181) 0 1 0 
(127, 188) 0 -1 0 
(127, 222) 0 -1 0 
(127, 224) 0 1 0 
(128, 34) 0 1 0 
(128, 41) 0 1 0 
(128, 45) 0 1 0 
(128, 47) 0 -1 0 
(128, 57) 0 -1 0 
(128, 65) 0 1 0 
(128, 77) 0 1 0 
(128, 78) 0 -1 0 
(128, 83) 0 -1 0 
(128, 91) 0 -1 0 
(128, 108) 0 -1 0 
(128, 141) 0 1 0 
(128, 142) 0 -1 0 
(128, 148) 0 1 0 
(128, 150) 0 -1 0 
(128, 153) 0 1 0 
(128, 154) 0 -1 0 
(128, 157) 0 -1 0 
(128, 160) 0 1 0 
(128, 168) 0 -1 0 
(128, 170) 0 -1 0 
(128, 174) 0 1 0 
(128, 176) 0 -1 0 
(128, 177) 0 1 0 
(128, 181) 0 -1 0 
(128, 186) 0 -1 0 
(128, 190) 0 1 0 
(128, 223) 0 -1 0 
(129, 35) 0 1 0 
(129, 41) 0 1 0 
(129, 42) 0 -1 0 
(129, 56) 0 1 0 
(129, 61) 0 -1 0 
(129, 64) 0 1 0 
(129, 69) 0 1 0 
(129, 70) 0 -1 0 
(129, 73) 0 1 0 
(129, 77) 0 -1 0 
(129, 98) 0 -1 0 
(129, 100) 0 -1 0 
(129, 101) 0 -1 0 
(129, 102) 0 1 0 
(129, 108) 0 1 0 
(129, 109) 0 1 0 
(129, 110) 0 -1 0 
(129, 146) 0 1 0 
(129, 154) 0 -1 0 
(129, 159) 0 -1 0 
(129, 163) 0 -1 0 
(129, 173) 0 -1 0 
(129, 179) 0 -1 0 
(129, 185) 0 -1 0 
(129, 188) 0 1 0 
(129, 191) 0 1 0 
(130, 37) 0 -1 0 
(130, 38) 0 -1 0 
(130, 51) 0 -1 0 
(130, 57) 0 1 0 
(130, 59) 0 -1 0 
(130, 62) 0 1 0 
(130, 66) 0 -1 0 
(130, 69) 0 1 0 
(130, 73) 0 -1 0 
(130, 82) 0 -1 0 
(130, 94) 0 -1 0 
(130, 98) 0 1 0 
(130, 101) 0 1 0 
(130, 107) 0 -1 0 
(130, 151) 0 -1 0 
(130, 164) 0 -1 0 
(130, 170) 0 1 0 
(130, 172) 0 -1 0 
(130, 176) 0 -1 0 
(130, 177) 0 1 0 
(130, 181) 0 -1 0 
(130, 223) 0 1 0 
(131, 38) 0 -1 0 
(131, 51) 0 -1 0 
(131, 65) 0 -1 0 
(131, 70) 0 -1 0 
(131, 76) 0 -1 0 
(131, 81) 0 1 0 
(131, 83) 0 1 0 
(131, 85) 0 1 0 
(131, 87) 0 1 0 
(131, 93) 0 -1 0 
(131, 94) 0 1 0 
(131, 97) 0 1 0 
(131, 106) 0 -1 0 
(131, 170) 0 1 0 
(131, 177) 0 -1 0 
(131, 191) 0 -1 0 
(131, 218) 0 1 0 
(131, 221) 0 -1 0 
(132, 39) 0 -1 0 
(132, 41) 0 1 0 
(132, 43) 0 1 0 
(132, 50) 0 -1 0 
(132, 51) 0 1 0 
(132, 58) 0 -1 0 
(132, 64) 0 1 0 
(132, 69) 0 1 0 
(132, 80) 0 1 0 
(132, 83) 0 -1 0 
(132, 87) 0 -1 0 
(132, 89) 0 1 0 
(132, 92) 0 1 0 
(132, 101) 0 1 0 
(132, 154) 0 1 0 
(132, 155) 0 -1 0 
(132, 168) 0 -1 0 
(132, 170) 0 -1 0 
(132, 173) 0 1 0 
(132, 175) 0 1 0 
(132, 180) 0 -1 0 
(132, 181) 0 -1 0 
(132, 183) 0 -1 0 
(132, 185) 0 1 0 
(132, 186) 0 1 0 
(132, 192) 0 -1 0 
(132, 219) 0 1 0 
(133, 46) 0 1 0 
(133, 51) 0 -1 0 
(133, 60) 0 -1 0 
(133, 62) 0 1 0 
(133, 63) 0 1 0 
(133, 64) 0 -1 0 
(133, 69) 0 -1 0 
(133, 74) 0 1 0 
(133, 76) 0 -1 0 
(133, 84) 0 -1 0 
(133, 90) 0 1 0 
(133, 96) 0 -1 0 
(133, 97) 0 1 0 
(133, 153) 0 -1 0 
(133, 155) 0 -1 0 
(133, 166) 0 1 0 
(133, 172) 0 -1 0 
(133, 174) 0 -1 0 
(133, 177) 0 -1 0 
(133, 181) 0 1 0 
(133, 184) 0 1 0 
(133, 220) 0 -1 0 
(134, 37) 0 1 0 
(134, 41) 0 1 0 
(134, 42) 0 -1 0 
(134, 44) 0 1 0 
(134, 52) 0 -1 0 
(134, 58) 0 -1 0 
(134, 72) 0 -1 0 
(134, 77) 0 -1 0 
(134, 83) 0 1 0 
(134, 88) 0 -1 0 
(134, 93) 0 -1 0 
(134, 94) 0 1 0 
(134, 99) 0 -1 0 
(134, 101) 0 1 0 
(134, 158) 0 1 0 
(134, 160) 0 1 0 
(134, 161) 0 1 0 
(134, 162) 0 -1 0 
(134, 164) 0 1 0 
(134, 167) 0 -1 0 
(134, 175) 0 -1 0 
(134, 180) 0 -1 0 
(134, 185) 0 1 0 
(134, 188) 0 -1 0 
(135, 57) 0 1 0 
(135, 58) 0 -1 0 
(135, 63) 0 -1 0 
(135, 66) 0 1 0 
(135, 71) 0 -1 0 
(135, 76) 0 1 0 
(135, 78) 0 1 0 
(135, 80) 0 1 0 
(135, 82) 0 1 0 
(135, 84) 0 1 0 
(135, 91) 0 1 0 
(135, 96) 0 -1 0 
(135, 100) 0 1 0 
(135, 159) 0 -1 0 
(135, 165) 0 1 0 
(135, 166) 0 -1 0 
(135, 171) 0 1 0 
(135, 173) 0 1 0 
(135, 178) 0 1 0 
(135, 181) 0 1 0 
(135, 189) 0 -1 0 
(135, 192) 0 -1 0 
(135, 219) 0 1 0 
(135, 221) 0 1 0 
(136, 37) 0 -1 0 
(136, 39) 0 -1 0 
(136, 43) 0 -1 0 
(136, 44) 0 1 0 
(136, 47) 0 -1 0 
(136, 48) 0 1 0 
(136, 60) 0 -1 0 
(136, 65) 0 1 0 
(136, 67) 0 -1 0 
(136, 70) 0 1 0 
(136, 72) 0 1 0 
(136, 76) 0 -1 0 
(136, 78) 0 -1 0 
(136, 82) 0 -1 0 
(136, 85) 0 1 0 
(136, 165) 0 1 0 
(136, 175) 0 -1 0 
(136, 177) 0 -1 0 
(136, 182) 0 -1 0 
(136, 184) 0 1 0 
(136, 189) 0 1 0 
(137, 37) 0 1 0 
(137, 40) 0 -1 0 
(137, 48) 0 -1 0 
(137, 53) 0 1 0 
(137, 61) 0 1 0 
(137, 66) 0 -1 0 
(137, 69) 0 1 0 
(137, 70) 0 -1 0 
(137, 75) 0 1 0 
(137, 77) 0 1 0 
(137, 79) 0 1 0 
(137, 81) 0 1 0 
(137, 83) 0 -1 0 
(137, 86) 0 -1 0 
(137, 87) 0 1 0 
(137, 90) 0 -1 0 
(137, 166) 0 -1 0 
(137, 170) 0 1 0 
(137, 171) 0 -1 0 
(137, 175) 0 1 0 
(137, 180) 0 1 0 
(137, 187) 0 1 0 
(137, 191) 0 -1 0 
(137, 192) 0 -1 0 
(138, 39) 0 1 0 
(138, 49) 0 -1 0 
(138, 52) 0 1 0 
(138, 54) 0 1 0 
(138, 65) 0 1 0 
(138, 66) 0 -1 0 
(138, 74) 0 1 0 
(138, 82) 0 1 0 
(138, 93) 0 -1 0 
(138, 95) 0 -1 0 
(138, 161) 0 1 0 
(138, 164) 0 1 0 
(138, 173) 0 1 0 
(138, 183) 0 -1 0 
(138, 191) 0 1 0 
(138, 193) 0 -1 0 
(138, 218) 0 -1 0 
(138, 220) 0 -1 0 
(139, 52) 0 -1 0 
(139, 55) 0 -1 0 
(139, 60) 0 1 0 
(139, 61) 0 -1 0 
(139, 62) 0 -1 0 
(139, 76) 0 -1 0 
(139, 78) 0 -1 0 
(139, 80) 0 -1 0 
(139, 88) 0 1 0 
(139, 92) 0 -1 0 
(139, 161) 0 1 0 
(139, 163) 0 1 0 
(139, 164) 0 1 0 
(139, 179) 0 -1 0 
(139, 183) 0 1 0 
(139, 186) 0 1 0 
(139, 216) 0 1 0 
(140, 36) 0 1 0 
(140, 41) 0 1 0 
(140, 45) 0 1 0 
(140, 63) 0 1 0 
(140, 66) 0 1 0 
(140, 70) 0 -1 0 
(140, 77) 0 1 0 
(140, 90) 0 -1 0 
(140, 91) 0 1 0 
(140, 162) 0 -1 0 
(140, 165) 0 -1 0 
(140, 166) 0 1 0 
(140, 167) 0 1 0 
(140, 177) 0 -1 0 
(140, 182) 0 -1 0 
(140, 185) 0 -1 0 
(140, 188) 0 -1 0 
(140, 190) 0 1 0 
(141, 37) 0 1 0 
(141, 44) 0 -1 0 
(141, 47) 0 1 0 
(141, 54) 0 1 0 
(141, 57) 0 1 0 
(141, 58) 0 -1 0 
(141, 59) 0 -1 0 
(141, 69) 0 1 0 
(141, 74) 0 1 0 
(141, 76) 0 1 0 
(141, 78) 0 1 0 
(141, 83) 0 -1 0 
(141, 89) 0 1 0 
(141, 94) 0 1 0 
(141, 167) 0 -1 0 
(141, 170) 0 1 0 
(141, 171) 0 -1 0 
(141, 175) 0 1 0 
(141, 177) 0 1 0 
(141, 182) 0 1 0 
(141, 192) 0 -1 0 
(141, 193) 0 -1 0 
(141, 214) 0 -1 0 
(141, 218) 0 1 0 
(142, 42) 0 -1 0 
(142, 45) 0 1 0 
(142, 51) 0 1 0 
(142, 53) 0 1 0 
(142, 57) 0 -1 0 
(142, 62) 0 1 0 
(142, 67) 0 1 0 
(142, 71) 0 -1 0 
(142, 72) 0 -1 0 
(142, 85) 0 1 0 
(142, 86) 0 1 0 
(142, 91) 0 1 0 
(142, 173) 0 1 0 
(142, 175) 0 1 0 
(142, 177) 0 1 0 
(142, 183) 0 -1 0 
(142, 185) 0 1 0 
(142, 189) 0 1 0 
(142, 212) 0 -1 0 
(142, 215) 0 -1 0 
(142, 217) 0 -1 0 
(142, 220) 0 -1 0 
(143, 38) 0 -1 0 
(143, 41) 0 1 0 
(143, 48) 0 -1 0 
(143, 51) 0 1 0 
(143, 53) 0 -1 0 
(143, 61) 0 -1 0 
(143, 68) 0 -1 0 
(143, 84) 0 1 0 
(143, 88) 0 -1 0 
(143, 89) 0 1 0 
(143, 169) 0 -1 0 
(143, 171) 0 1 0 
(143, 173) 0 1 0 
(143, 176) 0 -1 0 
(143, 211) 0 1 0 
(143, 216) 0 1 0 
(143, 218) 0 -1 0 
(144, 45) 0 1 0 
(144, 49) 0 -1 0 
(144, 52) 0 -1 0 
(144, 57) 0 1 0 
(144, 59) 0 -1 0 
(144, 71) 0 1 0 
(144, 73) 0 1 0 
(144, 83) 0 1 0 
(144, 91) 0 -1 0 
(144, 173) 0 1 0 
(144, 181) 0 1 0 
(144, 184) 0 1 0 
(144, 186) 0 1 0 
(144, 187) 0 1 0 
(144, 214) 0 1 0 
(144, 216) 0 -1 0 
(145, 43) 0 1 0 
(145, 46) 0 1 0 
(145, 56) 0 1 0 
(145, 57) 0 -1 0 
(145, 62) 0 1 0 
(145, 65) 0 1 0 
(145, 66) 0 -1 0 
(145, 71) 0 1 0 
(145, 75) 0 -1 0 
(145, 77) 0 -1 0 
(145, 78) 0 1 0 
(145, 80) 0 1 0 
(145, 83) 0 -1 0 
(145, 84) 0 1 0 
(145, 90) 0 1 0 
(145, 164) 0 -1 0 
(145, 165) 0 1 0 
(145, 178) 0 1 0 
(145, 182) 0 -1 0 
(145, 185) 0 -1 0 
(145, 188) 0 -1 0 
(145, 190) 0 1 0 
(145, 194) 0 -1 0 
(145, 210) 0 1 0 
(145, 214) 0 1 0 
(145, 219) 0 1 0 
(146, 43) 0 -1 0 
(146, 54) 0 1 0 
(146, 56) 0 -1 0 
(146, 60) 0 1 0 
(146, 65) 0 -1 0 
(146, 76) 0 1 0 
(146, 166) 0 -1 0 
(146, 172) 0 -1 0 
(146, 176) 0 1 0 
(146, 177) 0 -1 0 
(146, 182) 0 1 0 
(146, 185) 0 1 0 
(146, 188) 0 -1 0 
(146, 193) 0 1 0 
(146, 213) 0 1 0 
(146, 217) 0 1 0 
(147, 45) 0 1 0 
(147, 54) 0 -1 0 
(147, 59) 0 -1 0 
(147, 64) 0 -1 0 
(147, 69) 0 1 0 
(147, 72) 0 -1 0 
(147, 75) 0 1 0 
(147, 77) 0 1 0 
(147, 90) 0 1 0 
(147, 166) 0 -1 0 
(147, 182) 0 1 0 
(147, 183) 0 -1 0 
(147, 184) 0 -1 0 
(147, 185) 0 1 0 
(147, 188) 0 1 0 
(147, 191) 0 -1 0 
(147, 193) 0 1 0 
(147, 207) 0 -1 0 
(147, 211) 0 1 0 
(148, 43) 0 -1 0 
(148, 46) 0 1 0 
(148, 47) 0 -1 0 
(148, 62) 0 -1 0 
(148, 65) 0 1 0 
(148, 68) 0 -1 0 
(148, 71) 0 -1 0 
(148, 81) 0 -1 0 
(148, 87) 0 -1 0 
(148, 88) 0 1 0 
(148, 169) 0 1 0 
(148, 183) 0 -1 0 
(148, 187) 0 1 0 
(148, 188) 0 1 0 
(148, 191) 0 -1 0 
(148, 194) 0 -1 0 
(148, 195) 0 -1 0 
(148, 206) 0 -1 0 
(148, 208) 0 -1 0 
(148, 211) 0 -1 0 
(148, 213) 0 1 0 
(148, 214) 0 1 0 
(149, 50) 0 -1 0 
(149, 51) 0 -1 0 
(149, 67) 0 -1 0 
(149, 83) 0 -1 0 
(149, 170) 0 1 0 
(149, 172) 0 -1 0 
(149, 178) 0 -1 0 
(149, 189) 0 -1 0 
(149, 191) 0 1 0 
(149, 211) 0 1 0 
(149, 214) 0 1 0 
(150, 59) 0 -1 0 
(150, 62) 0 1 0 
(150, 63) 0 -1 0 
(150, 66) 0 -1 0 
(150, 78) 0 -1 0 
(150, 88) 0 -1 0 
(150, 166) 0 1 0 
(150, 171) 0 1 0 
(150, 172) 0 -1 0 
(150, 180) 0 -1 0 
(150, 185) 0 1 0 
(150, 194) 0 1 0 
(150, 207) 0 1 0 
(151, 44) 0 1 0 
(151, 53) 0 -1 0 
(151, 54) 0 1 0 
(151, 55) 0 1 0 
(151, 69) 0 1 0 
(151, 85) 0 1 0 
(151, 171) 0 -1 0 
(151, 175) 0 -1 0 
(151, 177) 0 1 0 
(151, 182) 0 1 0 
(151, 185) 0 1 0 
(151, 188) 0 1 0 
(151, 195) 0 -1 0 
(151, 212) 0 -1 0 
(151, 216) 0 1 0 
(152, 47) 0 1 0 
(152, 54) 0 1 0 
(152, 60) 0 1 0 
(152, 63) 0 1 0 
(152, 66) 0 1 0 
(152, 71) 0 -1 0 
(152, 73) 0 -1 0 
(152, 76) 0 1 0 
(152, 83) 0 1 0 
(152, 88) 0 -1 0 
(152, 168) 0 1 0 
(152, 182) 0 1 0 
(152, 185) 0 1 0 
(152, 187) 0 1 0 
(152, 188) 0 1 0 
(152, 204) 0 1 0 
(152, 206) 0 1 0 
(152, 210) 0 -1 0 
(153, 50) 0 1 0 
(153, 53) 0 -1 0 
(153, 56) 0 -1 0 
(153, 63) 0 -1 0 
(153, 65) 0 -1 0 
(153, 72) 0 -1 0 
(153, 74) 0 -1 0 
(153, 87) 0 1 0 
(153, 173) 0 1 0 
(153, 174) 0 -1 0 
(153, 176) 0 1 0 
(153, 179) 0 1 0 
(153, 181) 0 1 0 
(153, 189) 0 -1 0 
(153, 194) 0 1 0 
(153, 195) 0 1 0 
(153, 207) 0 -1 0 
(154, 51) 0 1 0 
(154, 58) 0 1 0 
(154, 60) 0 1 0 
(154, 61) 0 -1 0 
(154, 79) 0 1 0 
(154, 82) 0 -1 0 
(154, 168) 0 -1 0 
(154, 179) 0 -1 0 
(154, 182) 0 -1 0 
(154, 212) 0 -1 0 
(155, 48) 0 1 0 
(155, 51) 0 1 0 
(155, 52) 0 1 0 
(155, 55) 0 1 0 
(155, 62) 0 -1 0 
(155, 65) 0 1 0 
(155, 77) 0 -1 0 
(155, 85) 0 -1 0 
(155, 87) 0 -1 0 
(155, 170) 0 -1 0 
(155, 171) 0 1 0 
(155, 173) 0 -1 0 
(155, 179) 0 -1 0 
(155, 188) 0 1 0 
(155, 194) 0 -1 0 
(155, 206) 0 1 0 
(155, 207) 0 -1 0 
(155, 208) 0 -1 0 
(155, 214) 0 1 0 
(156, 59) 0 -1 0 
(156, 67) 0 -1 0 
(156, 69) 0 -1 0 
(156, 71) 0 -1 0 
(156, 79) 0 -1 0 
(156, 80) 0 1 0 
(156, 83) 0 -1 0 
(156, 84) 0 1 0 
(156, 172) 0 1 0 
(156, 181) 0 1 0 
(156, 185) 0 -1 0 
(156, 186) 0 -1 0 
(156, 189) 0 -1 0 
(156, 201) 0 1 0 
(156, 205) 0 -1 0 
(157, 55) 0 1 0 
(157, 66) 0 -1 0 
(157, 68) 0 -1 0 
(157, 72) 0 -1 0 
(157, 75) 0 1 0 
(157, 168) 0 1 0 
(157, 169) 0 1 0 
(157, 171) 0 -1 0 
(157, 174) 0 1 0 
(157, 181) 0 1 0 
(157, 182) 0 -1 0 
(157, 185) 0 -1 0 
(157, 188) 0 -1 0 
(157, 190) 0 1 0 
(157, 193) 0 -1 0 
(157, 197) 0 1 0 
(157, 201) 0 -1 0 
(157, 208) 0 1 0 
(157, 209) 0 -1 0 
(157, 213) 0 1 0 
(158, 52) 0 -1 0 
(158, 57) 0 -1 0 
(158, 66) 0 -1 0 
(158, 76) 0 -1 0 
(158, 79) 0 -1 0 
(158, 174) 0 -1 0 
(158, 181) 0 -1 0 
(158, 184) 0 1 0 
(158, 192) 0 -1 0 
(158, 196) 0 -1 0 
(158, 201) 0 1 0 
(159, 57) 0 -1 0 
(159, 61) 0 1 0 
(159, 66) 0 1 0 
(159, 67) 0 -1 0 
(159, 75) 0 -1 0 
(159, 77) 0 -1 0 
(159, 78) 0 1 0 
(159, 83) 0 1 0 
(159, 85) 0 1 0 
(159, 169) 0 -1 0 
(159, 170) 0 1 0 
(159, 178) 0 -1 0 
(159, 183) 0 1 0 
(159, 189) 0 -1 0 
(159, 206) 0 -1 0 
(159, 208) 0 1 0 
(159, 210) 0 -1 0 
(160, 62) 0 -1 0 
(160, 70) 0 -1 0 
(160, 74) 0 -1 0 
(160, 85) 0 -1 0 
(160, 87) 0 1 0 
(160, 170) 0 -1 0 
(160, 171) 0 1 0 
(160, 173) 0 -1 0 
(160, 179) 0 -1 0 
(160, 185) 0 -1 0 
(160, 188) 0 -1 0 
(160, 190) 0 1 0 
(160, 195) 0 1 0 
(160, 203) 0 -1 0 
(160, 205) 0 -1 0 
(160, 207) 0 1 0 
(161, 65) 0 1 0 
(161, 78) 0 -1 0 
(161, 79) 0 1 0 
(161, 84) 0 1 0 
(161, 178) 0 -1 0 
(161, 184) 0 -1 0 
(161, 187) 0 -1 0 
(161, 194) 0 1 0 
(161, 199) 0 1 0 
(161, 200) 0 -1 0 
(161, 201) 0 1 0 
(161, 202) 0 1 0 
(161, 203) 0 1 0 
(161, 206) 0 1 0 
(161, 210) 0 -1 0 
(162, 78) 0 1 0 
(162, 87) 0 -1 0 
(162, 169) 0 1 0 
(162, 172) 0 1 0 
(162, 176) 0 1 0 
(162, 180) 0 -1 0 
(162, 186) 0 -1 0 
(162, 193) 0 1 0 
(162, 195) 0 1 0 
(163, 66) 0 -1 0 
(163, 69) 0 1 0 
(163, 74) 0 -1 0 
(163, 86) 0 1 0 
(163, 166) 0 -1 0 
(163, 171) 0 1 0 
(163, 178) 0 1 0 
(163, 185) 0 -1 0 
(163, 186) 0 1 0 
(163, 193) 0 -1 0 
(163, 196) 0 -1 0 
(163, 201) 0 1 0 
(163, 208) 0 1 0 
(164, 60) 0 1 0 
(164, 79) 0 1 0 
(164, 82) 0 -1 0 
(164, 84) 0 1 0 
(164, 166) 0 -1 0 
(164, 167) 0 1 0 
(164, 169) 0 -1 0 
(164, 174) 0 -1 0 
(164, 176) 0 1 0 
(164, 177) 0 1 0 
(164, 181) 0 -1 0 
(164, 184) 0 -1 0 
(164, 186) 0 1 0 
(165, 65) 0 -1 0 
(165, 67) 0 -1 0 
(165, 71) 0 1 0 
(165, 75) 0 1 0 
(165, 77) 0 -1 0 
(165, 81) 0 1 0 
(165, 86) 0 -1 0 
(165, 88) 0 1 0 
(165, 165) 0 1 0 
(165, 167) 0 -1 0 
(165, 168) 0 1 0 
(165, 185) 0 -1 0 
(166, 65) 0 1 0 
(166, 74) 0 1 0 
(166, 80) 0 1 0 
(166, 83) 0 -1 0 
(166, 84) 0 1 0 
(166, 170) 0 1 0 
(166, 174) 0 1 0 
(166, 179) 0 -1 0 
(166, 188) 0 -1 0 
(166, 199) 0 -1 0 
(166, 200) 0 -1 0 
(166, 201) 0 1 0 
(166, 206) 0 1 0 
(167, 66) 0 -1 0 
(167, 67) 0 1 0 
(167, 72) 0 1 0 
(167, 73) 0 -1 0 
(167, 82) 0 -1 0 
(167, 84) 0 1 0 
(167, 88) 0 -1 0 
(167, 90) 0 -1 0 
(167, 178) 0 -1 0 
(167, 179) 0 1 0 
(167, 187) 0 -1 0 
(167, 195) 0 -1 0 
(167, 199) 0 1 0 
(167, 200) 0 1 0 
(167, 203) 0 -1 0 
(167, 204) 0 -1 0 
(168, 67) 0 -1 0 
(168, 70) 0 1 0 
(168, 72) 0 1 0 
(168, 73) 0 1 0 
(168, 76) 0 -1 0 
(168, 84) 0 -1 0 
(168, 164) 0 1 0 
(168, 167) 0 1 0 
(168, 182) 0 -1 0 
(168, 194) 0 -1 0 
(169, 71) 0 1 0 
(169, 72) 0 1 0 
(169, 73) 0 -1 0 
(169, 78) 0 -1 0 
(169, 82) 0 1 0 
(169, 89) 0 -1 0 
(169, 168) 0 1 0 
(169, 169) 0 -1 0 
(169, 172) 0 -1 0 
(169, 190) 0 -1 0 
(169, 195) 0 1 0 
(169, 200) 0 -1 0 
(169, 201) 0 1 0 
(170, 69) 0 -1 0 
(170, 70) 0 1 0 
(170, 72) 0 1 0 
(170, 84) 0 -1 0 
(170, 88) 0 1 0 
(170, 92) 0 -1 0 
(170, 93) 0 -1 0 
(170, 170) 0 1 0 
(170, 173) 0 1 0 
(170, 176) 0 -1 0 
(170, 177) 0 -1 0 
(170, 179) 0 -1 0 
(170, 185) 0 1 0 
(170, 189) 0 -1 0 
(170, 190) 0 -1 0 
(170, 198) 0 -1 0 
(170, 199) 0 1 0 
(170, 200) 0 1 0 
(171, 72) 0 1 0 
(171, 73) 0 -1 0 
(171, 75) 0 1 0 
(171, 77) 0 1 0 
(171, 78) 0 1 0 
(171, 86) 0 1 0 
(171, 88) 0 -1 0 
(171, 89) 0 1 0 
(171, 164) 0 1 0 
(171, 167) 0 -1 0 
(171, 171) 0 1 0 
(171, 172) 0 1 0 
(171, 185) 0 1 0 
(171, 188) 0 -1 0 
(171, 189) 0 1 0 
(171, 190) 0 1 0 
(171, 191) 0 1 0 
(172, 76) 0 -1 0 
(172, 82) 0 -1 0 
(172, 88) 0 -1 0 
(172, 91) 0 1 0 
(172, 92) 0 1 0 
(172, 94) 0 -1 0 
(172, 162) 0 1 0 
(172, 165) 0 -1 0 
(172, 166) 0 1 0 
(172, 174) 0 1 0 
(172, 196) 0 1 0 
(172, 199) 0 -1 0 
(173, 80) 0 1 0 
(173, 86) 0 -1 0 
(173, 90) 0 -1 0 
(173, 93) 0 1 0 
(173, 94) 0 1 0 
(173, 166) 0 -1 0 
(173, 169) 0 -1 0 
(173, 172) 0 -1 0 
(173, 173) 0 1 0 
(173, 178) 0 -1 0 
(173, 193) 0 -1 0 
(174, 82) 0 -1 0 
(174, 84) 0 1 0 
(174, 95) 0 1 0 
(174, 172) 0 1 0 
(174, 174) 0 -1 0 
(174, 175) 0 1 0 
(174, 176) 0 1 0 
(174, 186) 0 -1 0 
(174, 196) 0 -1 0 
(174, 197) 0 -1 0 
(174, 200) 0 1 0 
(175, 84) 0 1 0 
(175, 93) 0 -1 0 
(175, 104) 0 1 0 
(175, 151) 0 1 0 
(175, 152) 0 1 0 
(175, 154) 0 -1 0 
(175, 164) 0 -1 0 
(175, 169) 0 1 0 
(175, 180) 0 -1 0 
(175, 183) 0 1 0 
(175, 186) 0 1 0 
(175, 191) 0 1 0 
(175, 194) 0 -1 0 
(175, 195) 0 1 0 
(176, 87) 0 1 0 
(176, 113) 0 -1 0 
(176, 117) 0 -1 0 
(176, 136) 0 1 0 
(176, 138) 0 1 0 
(176, 140) 0 -1 0 
(176, 142) 0 -1 0 
(176, 150) 0 -1 0 
(176, 162) 0 1 0 
(176, 166) 0 -1 0 
(176, 169) 0 -1 0 
(176, 177) 0 1 0 
(176, 180) 0 1 0 
(176, 182) 0 -1 0 
(176, 184) 0 -1 0 
(176, 188) 0 -1 0 
(176, 193) 0 1 0 
(176, 194) 0 1 0 
(176, 198) 0 1 0 
(177, 88) 0 1 0 
(177, 97) 0 -1 0 
(177, 100) 0 1 0 
(177, 102) 0 1 0 
(177, 106) 0 -1 0 
(177, 108) 0 1 0 
(177, 109) 0 1 0 
(177, 110) 0 1 0 
(177, 111) 0 1 0 
(177, 112) 0 1 0 
(177, 116) 0 1 0 
(177, 117) 0 -1 0 
(177, 123) 0 -1 0 
(177, 138) 0 1 0 
(177, 145) 0 -1 0 
(177, 156) 0 1 0 
(177, 164) 0 1 0 
(177, 166) 0 1 0 
(177, 174) 0 1 0 
(177, 178) 0 -1 0 
(177, 192) 0 1 0 
(177, 193) 0 -1 0 
(178, 95) 0 1 0 
(178, 102) 0 1 0 
(178, 104) 0 1 0 
(178, 111) 0 -1 0 
(178, 112) 0 1 0 
(178, 117) 0 -1 0 
(178, 121) 0 -1 0 
(178, 125) 0 -1 0 
(178, 130) 0 -1 0 
(178, 132) 0 -1 0 
(178, 135) 0 -1 0 
(178, 155) 0 -1 0 
(178, 157) 0 1 0 
(178, 162) 0 -1 0 
(178, 170) 0 1 0 
(178, 175) 0 -1 0 
(178, 186) 0 1 0 
(178, 196) 0 1 0 
(179, 105) 0 -1 0 
(179, 118) 0 -1 0 
(179, 126) 0 -1 0 
(179, 129) 0 1 0 
(179, 130) 0 -1 0 
(179, 133) 0 1 0 
(179, 135) 0 -1 0 
(179, 146) 0 1 0 
(179, 149) 0 -1 0 
(179, 152) 0 1 0 
(179, 153) 0 1 0 
(179, 157) 0 1 0 
(179, 164) 0 1 0 
(179, 167) 0 1 0 
(179, 168) 0 1 0 
(179, 169) 0 -1 0 
(179, 172) 0 -1 0 
(179, 176) 0 -1 0 
(179, 185) 0 1 0 
(180, 98) 0 -1 0 
(180, 99) 0 1 0 
(180, 105) 0 1 0 
(180, 109) 0 1 0 
(180, 110) 0 -1 0 
(180, 112) 0 1 0 
(180, 115) 0 1 0 
(180, 116) 0 1 0 
(180, 121) 0 1 0 
(180, 126) 0 1 0 
(180, 131) 0 -1 0 
(180, 132) 0 1 0 
(180, 140) 0 1 0 
(180, 159) 0 -1 0 
(180, 160) 0 1 0 
(180, 169) 0 -1 0 
(180, 173) 0 -1 0 
(180, 179) 0 -1 0 
(180, 186) 0 -1 0 
(180, 188) 0 1 0 
(180, 189) 0 1 0 
(180, 192) 0 -1 0 
(181, 116) 0 1 0 
(181, 117) 0 1 0 
(181, 122) 0 -1 0 
(181, 124) 0 -1 0 
(181, 126) 0 1 0 
(181, 127) 0 1 0 
(181, 131) 0 -1 0 
(181, 133) 0 1 0 
(181, 136) 0 1 0 
(181, 138) 0 1 0 
(181, 145) 0 -1 0 
(181, 146) 0 -1 0 
(181, 164) 0 1 0 
(181, 165) 0 1 0 
(181, 166) 0 -1 0 
(181, 167) 0 -1 0 
(181, 185) 0 -1 0 
(181, 188) 0 -1 0 
(181, 189) 0 -1 0 
(182, 107) 0 -1 0 
(182, 109) 0 1 0 
(182, 128) 0 -1 0 
(182, 131) 0 1 0 
(182, 141) 0 -1 0 
(182, 151) 0 1 0 
(182, 156) 0 1 0 
(182, 186) 0 1 0 
(182, 189) 0 1 0 
(182, 190) 0 -1 0 
(183, 113) 0 -1 0 
(183, 115) 0 1 0 
(183, 118) 0 1 0 
(183, 119) 0 -1 0 
(183, 124) 0 -1 0 
(183, 125) 0 1 0 
(183, 134) 0 1 0 
(183, 141) 0 -1 0 
(183, 145) 0 -1 0 
(183, 146) 0 1 0 
(183, 148) 0 -1 0 
(183, 156) 0 1 0 
(183, 164) 0 -1 0 
(183, 167) 0 1 0 
(183, 180) 0 1 0 
(183, 185) 0 1 0 
(184, 114) 0 -1 0 
(184, 119) 0 1 0 
(184, 122) 0 1 0 
(184, 123) 0 -1 0 
(184, 125) 0 1 0 
(184, 129) 0 1 0 
(184, 132) 0 -1 0 
(184, 133) 0 1 0 
(184, 139) 0 -1 0 
(184, 144) 0 -1 0 
(184, 153) 0 -1 0 
(184, 154) 0 1 0 
(184, 158) 0 -1 0 
(184, 162) 0 1 0 
(184, 165) 0 -1 0 
(184, 169) 0 1 0 
(184, 172) 0 -1 0 
(184, 178) 0 -1 0 
(184, 182) 0 1 0 
(184, 184) 0 -1 0 
(184, 185) 0 -1 0 
(184, 187) 0 1 0 
(185, 115) 0 1 0 
(185, 123) 0 1 0 
(185, 128) 0 1 0 
(185, 131) 0 -1 0 
(185, 132) 0 1 0 
(185, 135) 0 -1 0 
(185, 136) 0 1 0 
(185, 142) 0 -1 0 
(185, 148) 0 1 0 
(185, 160) 0 1 0 
(185, 162) 0 -1 0 
(185, 166) 0 1 0 
(185, 167) 0 1 0 
(185, 168) 0 -1 0 
(185, 179) 0 1 0 
(185, 182) 0 1 0 
(186, 116) 0 1 0 
(186, 128) 0 1 0 
(186, 134) 0 -1 0 
(186, 138) 0 -1 0 
(186, 139) 0 1 0 
(186, 142) 0 -1 0 
(186, 151) 0 1 0 
(186, 155) 0 -1 0 
(186, 170) 0 1 0 
(186, 172) 0 -1 0 
(186, 182) 0 -1 0 
(186, 183) 0 -1 0 
(187, 129) 0 -1 0 
(187, 133) 0 1 0 
(187, 144) 0 -1 0 
(187, 146) 0 1 0 
(187, 166) 0 1 0 
(187, 168) 0 1 0 
(187, 169) 0 -1 0 
(187, 170) 0 -1 0 
(187, 173) 0 1 0 
(187, 182) 0 1 0 
(187, 183) 0 -1 0 
(188, 123) 0 1 0 
(188, 124) 0 -1 0 
(188, 126) 0 1 0 
(188, 128) 0 1 0 
(188, 131) 0 -1 0 
(188, 132) 0 1 0 
(188, 135) 0 -1 0 
(188, 136) 0 1 0 
(188, 140) 0 1 0 
(188, 142) 0 -1 0 
(188, 151) 0 -1 0 
(188, 155) 0 -1 0 
(188, 156) 0 1 0 
(188, 171) 0 -1 0 
(188, 175) 0 1 0 
(189, 145) 0 1 0 
(189, 150) 0 1 0 
(189, 152) 0 -1 0 
(189, 156) 0 -1 0 
(189, 160) 0 1 0 
(189, 161) 0 -1 0 
(189, 168) 0 -1 0 
(189, 172) 0 1 0 
(189, 175) 0 1 0 
(189, 176) 0 1 0 
(190, 126) 0 1 0 
(190, 128) 0 1 0 
(190, 131) 0 -1 0 
(190, 146) 0 -1 0 
(190, 154) 0 -1 0 
(190, 155) 0 1 0 
(190, 159) 0 -1 0 
(190, 165) 0 -1 0 
(190, 169) 0 1 0 
(191, 129) 0 1 0 
(191, 132) 0 -1 0 
(191, 140) 0 1 0 
(191, 155) 0 -1 0 
(191, 156) 0 1 0 
(191, 161) 0 1 0 
(191, 164) 0 1 0 
(191, 166) 0 -1 0 
(191, 167) 0 -1 0 
(191, 172) 0 1 0 
(191, 175) 0 -1 0 
(192, 141) 0 -1 0 
(192, 145) 0 1 0 
(192, 156) 0 -1 0 
(192, 158) 0 1 0 
(192, 172) 0 -1 0 
(193, 150) 0 -1 0 
(193, 155) 0 1 0 
(193, 164) 0 1 0 
(194, 142) 0 -1 0 
(194, 148) 0 -1 0 
(194, 149) 0 1 0 
(194, 153) 0 1 0 
(194, 157) 0 -1 0 
(194, 161) 0 1 0 
(194, 164) 0 -1 0 
