19034.  0 0 -1 
19313.  -1 -1 0 
20591.  1 1 0 
21101.  0 0 1 
21356.  1 1 0 
21865.  0 0 1 
22119.  0 0 -1 
22373.  0 0 1 
22622.  1 1 0 
22624.  -1 -1 -1 
22625.  1 1 1 
22873.  -1 -1 0 
22874.  0 0 -1 
25428.  0 0 -1 
27477.  0 0 -1 
31094.  0 -1 0 
31605.  0 -1 0 
31606.  0 1 0 
31862.  0 1 0 
31867.  0 -1 0 
32120.  0 -1 0 
32382.  0 1 0 
32635.  0 -1 0 
32895.  0 1 0 
32896.  0 -1 0 
33151.  0 1 0 
33153.  0 -1 0 
33404.  0 1 0 
33650.  0 1 0 
33657.  0 1 0 
33662.  0 -1 0 
33896.  0 -1 0 
33913.  0 -1 0 
33926.  0 1 0 
34152.  0 -1 0 
34169.  0 -1 0 
34171.  0 -1 0 
34406.  0 1 0 
34408.  0 -1 0 
34435.  0 1 0 
34677.  0 1 0 
34680.  0 -1 0 
34685.  0 -1 0 
34692.  0 -1 0 
34915.  0 -1 0 
34919.  0 -1 0 
34922.  0 -1 0 
34925.  0 1 0 
34933.  0 1 0 
34945.  0 1 0 
34947.  0 -1 0 
35181.  0 1 0 
35183.  0 -1 0 
35186.  0 1 0 
35189.  0 -1 0 
35195.  0 -1 0 
35198.  0 1 0 
35202.  0 1 0 
35212.  0 1 0 
35426.  0 -1 0 
35431.  0 1 0 
35439.  0 1 0 
35440.  0 -1 0 
35442.  0 1 0 
35468.  0 1 0 
35687.  0 1 0 
35688.  0 -1 0 
35695.  0 -1 0 
35697.  0 1 0 
35698.  0 -1 0 
35707.  0 1 0 
35708.  0 -1 0 
35714.  0 -1 0 
35719.  0 -1 0 
35722.  0 -1 0 
35946.  0 -1 0 
35950.  0 1 0 
35951.  0 -1 0 
35969.  0 -1 0 
35970.  0 -1 0 
35972.  0 -1 0 
35976.  0 -1 0 
36195.  0 1 0 
36206.  0 1 0 
36207.  0 -1 0 
36304.  1 1 0 
36462.  0 -1 0 
36475.  0 -1 0 
36702.  0 -1 0 
36706.  0 -1 0 
36708.  0 -1 0 
36716.  0 -1 0 
36721.  0 -1 0 
36723.  0 -1 0 
36732.  0 1 0 
36742.  0 1 0 
36958.  0 1 0 
36960.  0 -1 0 
36962.  0 1 0 
36964.  0 1 0 
36968.  0 1 0 
36971.  0 -1 0 
36981.  0 -1 0 
36993.  0 1 0 
37209.  0 -1 0 
37218.  0 1 0 
37221.  0 1 0 
37222.  0 -1 0 
37223.  0 1 0 
37224.  0 -1 0 
37230.  0 -1 0 
37232.  0 -1 0 
37239.  0 -1 0 
37247.  0 1 0 
37468.  0 1 0 
37480.  0 -1 0 
37496.  0 -1 0 
37717.  0 -1 0 
37722.  0 1 0 
37723.  0 -1 0 
37725.  0 -1 0 
37729.  0 -1 0 
37732.  0 1 0 
37733.  0 -1 0 
37738.  0 -1 0 
37745.  0 -1 0 
37748.  0 -1 0 
37755.  0 -1 0 
37833.  -1 -1 0 
37973.  0 -1 0 
37989.  0 -1 0 
37991.  0 -1 0 
38011.  0 -1 0 
38013.  0 1 0 
38227.  0 1 0 
38231.  0 1 0 
38238.  0 1 0 
38254.  0 -1 0 
38257.  0 -1 0 
38339.  -1 -1 -1 
38340.  -1 -1 -1 
38521.  0 1 0 
38585.  -1 -1 0 
38586.  -1 -1 0 
38592.  0 0 1 
38593.  1 1 0 
38741.  0 -1 0 
38745.  0 -1 0 
38750.  0 1 0 
38760.  0 -1 0 
38995.  0 1 0 
38999.  0 1 0 
39003.  0 1 0 
39004.  0 -1 0 
39006.  0 -1 0 
39018.  0 -1 0 
39022.  0 -1 0 
39127.  0 -1 0 
39246.  0 1 0 
39248.  0 -1 0 
39255.  0 1 0 
39262.  0 -1 0 
39270.  0 1 0 
39282.  0 1 0 
39284.  0 1 0 
39507.  0 1 0 
39514.  0 1 0 
39521.  0 -1 0 
39522.  0 -1 0 
39525.  0 -1 0 
39538.  0 -1 0 
39754.  0 -1 0 
39758.  0 1 0 
39768.  0 -1 0 
39770.  0 1 0 
39771.  0 -1 0 
39790.  0 -1 0 
39793.  0 -1 0 
40019.  0 1 0 
40037.  0 1 0 
40039.  0 -1 0 
40048.  0 -1 0 
40270.  0 1 0 
40293.  0 1 0 
40303.  1 1 1 
40532.  0 1 0 
40549.  0 -1 0 
40556.  0 -1 0 
40557.  1 1 1 
40558.  1 1 1 
40559.  1 1 1 
40560.  1 1 1 
40782.  0 -1 0 
40788.  0 -1 0 
40804.  0 -1 0 
40812.  1 1 1 
40813.  1 1 1 
40814.  1 1 1 
40815.  1 1 1 
40816.  1 1 1 
40817.  1 1 1 
40818.  1 1 1 
41030.  0 -1 0 
41032.  0 -1 0 
41036.  0 1 0 
41043.  0 1 0 
41044.  0 -1 0 
41050.  0 -1 0 
41051.  0 1 0 
41066.  1 1 1 
41067.  1 1 1 
41068.  1 1 1 
41069.  1 1 1 
41070.  1 1 1 
41071.  1 1 1 
41072.  1 1 1 
41073.  1 1 1 
41074.  1 1 1 
41075.  1 1 1 
41294.  0 1 0 
41296.  0 1 0 
41306.  0 -1 0 
41307.  0 -1 0 
41322.  1 1 1 
41323.  1 1 1 
41324.  1 1 1 
41325.  1 1 1 
41326.  1 1 1 
41327.  1 1 1 
41328.  1 1 1 
41329.  1 1 1 
41330.  1 1 1 
41331.  1 1 1 
41538.  0 -1 0 
41539.  0 -1 0 
41541.  0 1 0 
41550.  0 -1 0 
41552.  0 1 0 
41557.  0 -1 0 
41558.  0 1 0 
41559.  0 -1 0 
41572.  0 -1 0 
41578.  1 1 1 
41579.  1 1 1 
41580.  1 1 1 
41581.  1 1 1 
41582.  1 1 1 
41583.  1 1 1 
41584.  1 1 1 
41585.  1 1 1 
41586.  1 1 1 
41802.  0 1 0 
41805.  0 1 0 
41825.  0 -1 0 
41834.  1 1 1 
41835.  1 1 1 
41836.  1 1 1 
41837.  1 1 1 
41838.  1 1 1 
41839.  1 1 1 
41840.  1 1 1 
42047.  0 1 0 
42048.  0 1 0 
42049.  0 1 0 
42056.  0 1 0 
42061.  0 -1 0 
42066.  0 -1 0 
42071.  0 -1 0 
42075.  0 -1 0 
42091.  1 1 1 
42092.  1 1 1 
42093.  1 1 1 
42094.  1 1 1 
42095.  1 1 1 
42314.  0 -1 0 
42317.  0 -1 0 
42333.  0 1 0 
42335.  0 -1 0 
42558.  0 1 0 
42569.  0 1 0 
42577.  0 -1 0 
42578.  0 1 0 
42819.  0 -1 0 
42825.  0 1 0 
42826.  0 -1 0 
42832.  0 1 0 
43092.  0 -1 0 
43095.  0 -1 0 
43331.  0 -1 0 
43332.  0 -1 0 
43342.  0 -1 0 
43344.  0 -1 0 
43587.  0 1 0 
43589.  0 1 0 
43592.  0 -1 0 
43601.  0 -1 0 
43720.  0 1 0 
43842.  0 1 0 
43843.  0 -1 0 
43849.  0 -1 0 
43857.  0 -1 0 
43860.  0 -1 0 
43952.  -1 0 0 
44093.  0 1 0 
44096.  0 -1 0 
44098.  0 1 0 
44099.  0 -1 0 
44113.  0 1 0 
44351.  0 1 0 
44363.  0 -1 0 
44420.  1 1 1 
44618.  0 1 0 
44869.  0 -1 0 
45116.  0 -1 0 
45124.  0 -1 0 
45128.  0 -1 0 
45133.  0 1 0 
45191.  1 1 1 
45192.  1 1 1 
45365.  0 1 0 
45368.  0 -1 0 
45369.  0 -1 0 
45372.  0 -1 0 
45447.  1 1 1 
45448.  1 1 1 
45449.  1 1 1 
45619.  0 -1 0 
45625.  0 -1 0 
45703.  1 1 1 
45704.  1 1 1 
45705.  1 1 1 
45706.  1 1 1 
45707.  1 1 1 
45877.  0 1 0 
45880.  0 1 0 
45881.  0 -1 0 
45885.  0 -1 0 
45895.  0 -1 0 
45959.  1 1 1 
45960.  1 1 1 
45961.  1 1 1 
45962.  1 1 1 
45963.  1 1 1 
45964.  1 1 1 
46130.  0 1 0 
46151.  0 1 0 
46152.  0 1 0 
46215.  1 1 1 
46216.  1 1 1 
46217.  1 1 1 
46218.  1 1 1 
46219.  1 1 1 
46220.  1 1 1 
46221.  1 1 1 
46391.  0 -1 0 
46393.  0 -1 0 
46395.  0 1 0 
46397.  0 -1 0 
46471.  1 1 1 
46472.  1 1 1 
46473.  1 1 1 
46474.  1 1 1 
46475.  1 1 1 
46476.  1 1 1 
46648.  0 1 0 
46727.  1 1 1 
46728.  1 1 1 
46729.  1 1 1 
46730.  1 1 1 
46731.  1 1 1 
46888.  0 1 0 
46893.  0 -1 0 
46894.  0 1 0 
46897.  0 1 0 
46898.  0 -1 0 
46902.  0 -1 0 
46985.  1 1 1 
47154.  0 -1 0 
47157.  0 -1 0 
47163.  0 1 0 
47402.  0 1 0 
47406.  0 -1 0 
47411.  0 -1 0 
47417.  0 -1 0 
47662.  0 1 0 
48169.  0 -1 0 
48170.  0 -1 0 
48171.  0 1 0 
48176.  0 1 0 
48427.  0 -1 0 
48686.  0 -1 0 
48688.  0 -1 0 
48844.  0 1 0 
48941.  0 -1 0 
49355.  0 -1 0 
49451.  0 -1 0 
49611.  0 1 0 
50222.  0 1 1 
50223.  0 1 1 
50475.  0 1 1 
50476.  0 1 1 
50477.  0 1 1 
50478.  0 1 1 
50732.  0 1 1 
50733.  0 1 1 
50734.  0 1 1 
50988.  0 1 1 
50989.  0 1 1 
51245.  0 1 1 
53441.  0 -1 0 
53949.  0 1 0 
54716.  0 1 0 
