(97, 161) 230 230 235 230 230 234 
(99, 164) 247 247 251 247 247 252 
(100, 201) 229 229 233 229 229 234 
(114, 180) 44 72 130 44 71 130 
(115, 188) 55 92 169 55 92 170 
(116, 179) 53 89 164 54 89 164 
(118, 151) 62 105 196 62 105 195 
(120, 80) 211 211 215 210 210 214 
(120, 187) 51 84 154 50 84 153 
(121, 79) 217 217 221 216 216 220 
(121, 187) 57 96 177 57 95 177 
(122, 78) 222 222 226 222 222 227 
(122, 147) 53 89 163 53 88 163 
(123, 37) 248 248 253 249 249 254 
(123, 76) 232 232 236 232 232 237 
(123, 124) 10 80 10 10 81 10 
(123, 127) 10 75 10 10 76 10 
(124, 75) 236 236 241 237 237 241 
(124, 120) 10 86 10 10 85 10 
(124, 146) 53 89 163 53 88 163 
(125, 112) 53 87 161 52 87 160 
(125, 113) 55 93 171 55 92 171 
(125, 122) 10 84 10 10 85 10 
(125, 127) 10 77 10 10 78 10 
(125, 145) 55 92 171 55 93 171 
(126, 115) 45 73 134 45 74 134 
(126, 116) 10 90 10 10 89 10 
(126, 118) 10 89 10 10 88 10 
(126, 121) 10 85 10 10 86 10 
(126, 124) 10 82 10 10 81 10 
(126, 126) 10 80 10 10 79 10 
(127, 113) 10 92 10 10 91 10 
(128, 109) 10 92 10 10 93 10 
(128, 110) 10 92 10 10 93 10 
(128, 142) 60 102 189 61 102 189 
(128, 186) 61 102 190 61 103 190 
(129, 122) 10 86 10 10 85 10 
(130, 114) 10 92 10 10 91 10 
(130, 115) 10 91 10 10 92 10 
(130, 140) 64 108 200 64 107 200 
(131, 111) 10 92 10 10 93 10 
(131, 115) 10 91 10 10 92 10 
(131, 123) 10 85 10 10 86 10 
(131, 128) 10 80 10 10 79 10 
(132, 111) 10 92 10 10 93 10 
(133, 116) 10 91 10 10 92 10 
(133, 121) 10 89 10 10 88 10 
(134, 64) 60 102 189 60 102 188 
(134, 121) 10 89 10 10 88 10 
(134, 124) 10 86 10 10 85 10 
(135, 64) 54 90 167 54 91 167 
(135, 68) 52 87 160 52 87 161 
(135, 113) 10 92 10 10 93 10 
(136, 65) 48 79 144 48 78 143 
(136, 68) 59 98 182 59 99 183 
(136, 117) 10 92 10 10 91 10 
(136, 129) 10 80 10 10 81 10 
(136, 130) 10 80 10 10 79 10 
(137, 114) 10 92 10 10 93 10 
(137, 118) 10 91 10 10 92 10 
(137, 132) 10 75 10 10 76 10 
(138, 114) 10 92 10 10 93 10 
(138, 127) 10 85 10 10 84 10 
(138, 132) 10 77 10 10 76 10 
(139, 65) 60 102 189 61 102 189 
(139, 114) 10 92 10 10 93 10 
(139, 118) 10 92 10 10 91 10 
(139, 126) 10 86 10 10 85 10 
(139, 129) 10 82 10 10 81 10 
(139, 131) 10 80 10 10 79 10 
(140, 116) 10 92 10 10 93 10 
(140, 119) 10 91 10 10 92 10 
(140, 121) 10 91 10 10 90 10 
(141, 116) 10 92 10 10 93 10 
(141, 124) 10 89 10 10 88 10 
(142, 66) 54 90 167 54 91 167 
(142, 116) 10 92 10 10 93 10 
(142, 123) 10 89 10 10 90 10 
(143, 66) 60 100 185 59 100 185 
(143, 120) 10 92 10 10 91 10 
(143, 128) 10 85 10 10 86 10 
(143, 129) 10 85 10 10 84 10 
(144, 120) 10 92 10 10 91 10 
(144, 128) 10 86 10 10 85 10 
(144, 133) 10 80 10 10 79 10 
(145, 124) 10 90 10 10 89 10 
(146, 121) 10 92 10 10 91 10 
(146, 122) 10 91 10 10 92 10 
(146, 129) 10 86 10 10 85 10 
(147, 118) 10 92 10 10 93 10 
(147, 122) 10 91 10 10 92 10 
(147, 132) 10 82 10 10 81 10 
(148, 67) 59 100 184 59 100 185 
(148, 119) 10 92 10 10 93 10 
(148, 127) 10 89 10 10 88 10 
(148, 130) 10 85 10 10 86 10 
(148, 136) 10 75 10 10 76 10 
(149, 67) 61 102 190 61 102 189 
(149, 120) 10 92 10 10 93 10 
(149, 121) 10 92 10 10 93 10 
(149, 123) 10 91 10 10 92 10 
(149, 130) 10 86 10 10 85 10 
(149, 134) 10 80 10 10 81 10 
(150, 120) 10 92 10 10 93 10 
(151, 120) 10 92 10 10 93 10 
(151, 131) 10 86 10 10 85 10 
(151, 136) 10 78 10 10 79 10 
(152, 120) 10 92 10 10 93 10 
(152, 124) 10 92 10 10 91 10 
(152, 126) 10 91 10 10 90 10 
(152, 130) 10 87 10 10 86 10 
(153, 128) 10 89 10 10 90 10 
(153, 132) 10 85 10 10 86 10 
(154, 122) 10 92 10 10 93 10 
(154, 132) 10 86 10 10 85 10 
(154, 134) 10 82 10 10 83 10 
(155, 122) 10 92 10 10 93 10 
(155, 125) 10 92 10 10 91 10 
(155, 130) 10 89 10 10 88 10 
(155, 134) 10 84 10 10 83 10 
(155, 137) 10 80 10 10 79 10 
(156, 126) 10 91 10 10 92 10 
(156, 133) 10 86 10 10 85 10 
(157, 129) 10 90 10 10 89 10 
(157, 132) 10 87 10 10 86 10 
(158, 134) 10 85 10 10 86 10 
(159, 123) 10 92 10 10 93 10 
(159, 127) 10 92 10 10 91 10 
(159, 129) 10 90 10 10 91 10 
(159, 140) 10 75 10 10 76 10 
(159, 152) 50 50 50 51 51 51 
(160, 125) 10 92 10 10 93 10 
(160, 132) 10 89 10 10 88 10 
(160, 137) 10 82 10 10 81 10 
(161, 125) 10 92 10 10 93 10 
(161, 131) 10 89 10 10 90 10 
(161, 135) 10 86 10 10 85 10 
(161, 136) 10 84 10 10 85 10 
(162, 125) 10 92 10 10 93 10 
(162, 128) 10 92 10 10 91 10 
(162, 129) 10 91 10 10 92 10 
(162, 134) 10 87 10 10 86 10 
(162, 139) 10 80 10 10 81 10 
(163, 125) 10 92 10 10 93 10 
(163, 129) 10 91 10 10 92 10 
(163, 136) 10 85 10 10 86 10 
(163, 141) 10 77 10 10 76 10 
(164, 119) 191 191 191 192 192 192 
(164, 121) 248 248 248 247 247 247 
(164, 126) 10 92 10 10 93 10 
(164, 132) 10 90 10 10 89 10 
(164, 137) 10 85 10 10 84 10 
(165, 117) 218 218 218 219 219 219 
(165, 127) 10 92 10 10 93 10 
(165, 130) 10 91 10 10 92 10 
(165, 134) 10 89 10 10 88 10 
(165, 141) 10 78 10 10 79 10 
(165, 151) 47 47 47 10 75 10 
(166, 128) 10 92 10 10 93 10 
(166, 135) 10 88 10 10 87 10 
(166, 137) 10 86 10 10 85 10 
(167, 136) 10 87 10 10 86 10 
(168, 131) 10 92 10 10 91 10 
(168, 138) 10 85 10 10 86 10 
(168, 140) 10 82 10 10 81 10 
(169, 128) 10 92 10 10 93 10 
(169, 129) 10 92 10 10 93 10 
(169, 131) 10 92 10 10 91 10 
(169, 139) 10 84 10 10 85 10 
(169, 142) 10 80 10 10 79 10 
(170, 118) 50 50 50 51 51 51 
(170, 144) 10 75 10 10 76 10 
(171, 115) 50 50 50 51 51 51 
(171, 129) 10 92 10 10 93 10 
(171, 132) 10 92 10 10 91 10 
(171, 133) 10 91 10 10 92 10 
(171, 137) 10 88 10 10 87 10 
(171, 139) 10 86 10 10 85 10 
(172, 133) 10 91 10 10 92 10 
(172, 136) 10 89 10 10 90 10 
(172, 137) 10 88 10 10 89 10 
(172, 138) 10 87 10 10 86 10 
(172, 140) 10 85 10 10 84 10 
(173, 140) 10 85 10 10 86 10 
(173, 145) 10 75 10 10 76 10 
(174, 134) 10 91 10 10 92 10 
(175, 131) 10 92 10 10 93 10 
(175, 134) 10 92 10 10 91 10 
(176, 131) 10 92 10 10 93 10 
(176, 137) 10 90 10 10 89 10 
(176, 139) 10 88 10 10 87 10 
(176, 141) 10 86 10 10 85 10 
(177, 41) 10 98 10 10 99 10 
(177, 117) 46 46 46 45 45 45 
(177, 142) 10 84 10 10 85 10 
(178, 116) 44 44 44 45 45 45 
(178, 135) 10 92 10 10 91 10 
(178, 136) 10 91 10 10 92 10 
(179, 133) 10 92 10 10 93 10 
(179, 136) 10 91 10 10 92 10 
(179, 139) 10 89 10 10 90 10 
(180, 134) 10 92 10 10 93 10 
(181, 137) 10 91 10 10 92 10 
(181, 141) 10 88 10 10 87 10 
(181, 143) 10 85 10 10 86 10 
(181, 145) 10 82 10 10 81 10 
(182, 137) 10 92 10 10 91 10 
(183, 134) 10 92 10 10 93 10 
(183, 135) 10 92 10 10 93 10 
(183, 137) 10 92 10 10 91 10 
(183, 140) 10 90 10 10 89 10 
(183, 147) 10 80 10 10 79 10 
(184, 138) 10 92 10 10 91 10 
(184, 149) 10 75 10 10 76 10 
(185, 138) 10 92 10 10 91 10 
(186, 137) 10 92 10 10 93 10 
(186, 143) 10 88 10 10 87 10 
(187, 136) 10 92 10 10 93 10 
(187, 139) 10 92 10 10 91 10 
(187, 142) 10 89 10 10 90 10 
(188, 140) 10 91 10 10 92 10 
(188, 150) 10 77 10 10 76 10 
(189, 138) 10 92 10 10 93 10 
(189, 148) 10 82 10 10 81 10 
(189, 150) 10 77 10 10 78 10 
(190, 138) 10 92 10 10 93 10 
(190, 141) 10 91 10 10 92 10 
(191, 141) 10 92 10 10 91 10 
(191, 145) 10 88 10 10 87 10 
(192, 142) 10 91 10 10 92 10 
(192, 148) 10 84 10 10 83 10 
(193, 139) 10 92 10 10 93 10 
(194, 140) 10 92 10 10 93 10 
(194, 142) 10 92 10 10 91 10 
(195, 140) 10 92 10 10 93 10 
(195, 143) 10 91 10 10 92 10 
(195, 144) 10 91 10 10 90 10 
(195, 145) 10 90 10 10 89 10 
(196, 147) 10 88 10 10 87 10 
(197, 152) 10 80 10 10 79 10 
(198, 144) 10 92 10 10 91 10 
(200, 143) 10 92 10 10 93 10 
(200, 145) 10 92 10 10 91 10 
(201, 143) 10 92 10 10 93 10 
(201, 145) 10 92 10 10 91 10 
(201, 149) 10 88 10 10 87 10 
(202, 146) 10 91 10 10 92 10 
(202, 148) 10 90 10 10 89 10 
(202, 153) 10 82 10 10 81 10 
(204, 147) 10 91 10 10 92 10 
(205, 152) 10 86 10 10 85 10 
(206, 151) 10 88 10 10 87 10 
(206, 153) 10 84 10 10 85 10 
(207, 148) 10 92 10 10 91 10 
(207, 149) 10 91 10 10 90 10 
(208, 148) 10 92 10 10 91 10 
(209, 147) 10 92 10 10 93 10 
(210, 149) 10 92 10 10 91 10 
(210, 152) 10 89 10 10 88 10 
(211, 153) 10 88 10 10 87 10 
(211, 157) 10 80 10 10 79 10 
(213, 155) 10 86 10 10 85 10 
(213, 159) 10 77 10 10 76 10 
(214, 151) 10 91 10 10 92 10 
(214, 152) 10 90 10 10 91 10 
(214, 156) 10 84 10 10 85 10 
(215, 154) 10 89 10 10 88 10 
(216, 155) 10 88 10 10 87 10 
(216, 158) 10 82 10 10 81 10 
(217, 152) 10 92 10 10 91 10 
(217, 154) 10 90 10 10 89 10 
(217, 157) 10 85 10 10 84 10 
(219, 154) 10 91 10 10 90 10 
(222, 152) 10 92 10 10 93 10 
