(58, 68) 1 1 1 
(58, 73) 1 1 1 
(59, 67) -1 -1 -1 
(59, 70) -1 -1 -1 
(59, 75) 1 1 1 
(60, 72) -1 -1 -1 
(60, 75) -1 -1 -1 
(60, 76) -1 -1 -1 
(61, 70) 1 1 1 
(61, 73) -1 -1 -1 
(62, 75) -1 -1 -1 
(63, 76) 1 1 1 
(64, 77) 1 1 1 
(64, 94) 1 1 1 
(65, 77) -1 -1 -1 
(65, 80) -1 -1 -1 
(65, 89) 1 1 1 
(67, 76) 1 1 1 
(69, 88) -1 -1 -1 
(70, 84) -1 -1 -1 
(72, 83) -1 -1 -1 
(72, 85) 1 1 1 
(72, 91) -1 -1 -1 
(73, 85) 1 1 1 
(74, 91) 1 1 1 
(74, 96) 1 1 1 
(76, 95) -1 -1 -1 
(78, 95) 1 1 1 
(78, 103) 1 1 1 
(78, 118) -1 -1 -1 
(79, 120) 1 1 1 
(81, 106) 1 1 1 
(81, 108) -1 -1 -1 
(82, 107) -1 -1 -1 
(83, 72) -1 -1 -1 
(83, 106) -1 -1 -1 
(84, 70) -1 -1 -1 
(85, 68) -1 -1 -1 
(85, 72) -1 -1 -1 
(85, 111) -1 -1 -1 
(86, 106) 1 1 1 
(87, 111) 1 1 1 
(88, 110) 1 1 1 
(88, 114) 1 1 1 
(88, 119) 1 1 1 
(89, 115) -1 -1 -1 
(90, 71) -1 -1 -1 
(90, 122) 1 1 1 
(91, 75) -1 -1 -1 
(92, 74) 1 1 1 
(92, 118) -1 -1 -1 
(93, 122) 1 1 1 
(94, 75) 1 1 1 
(94, 120) 1 1 1 
(94, 125) -1 -1 -1 
(94, 126) -1 -1 -1 
(95, 76) -1 -1 -1 
(95, 124) 1 1 1 
(95, 126) 1 1 1 
(96, 131) -1 -1 -1 
(97, 128) -1 -1 -1 
(97, 134) -1 -1 -1 
(98, 132) 1 1 1 
(100, 139) 1 1 1 
(101, 131) 1 1 1 
(101, 132) 1 1 1 
(101, 137) -1 -1 -1 
(103, 139) -1 -1 -1 
(103, 141) -1 -1 -1 
(103, 143) 1 1 1 
(103, 144) 1 1 1 
(104, 135) 1 1 1 
(104, 142) -1 -1 -1 
(104, 162) 1 1 1 
(105, 136) 1 1 1 
(105, 139) 1 1 1 
(105, 143) -1 -1 -1 
(106, 144) 1 1 1 
(106, 148) 1 1 1 
(106, 149) 1 1 1 
(107, 141) -1 -1 -1 
(107, 142) -1 -1 -1 
(107, 143) 1 1 1 
(107, 146) 1 1 1 
(107, 147) -1 -1 -1 
(108, 133) -1 -1 -1 
(108, 151) -1 -1 -1 
(108, 154) 1 1 1 
(109, 133) -1 -1 -1 
(109, 155) -1 -1 -1 
(110, 152) -1 -1 -1 
(111, 145) -1 -1 -1 
(111, 151) -1 -1 -1 
(111, 159) 1 1 1 
(111, 174) 1 1 1 
(112, 160) -1 -1 -1 
(113, 152) 1 1 1 
(114, 153) 1 1 1 
(116, 159) -1 -1 -1 
(117, 155) 1 1 1 
(117, 163) -1 -1 -1 
(118, 144) -1 -1 -1 
(118, 162) 1 1 1 
(118, 169) 1 1 1 
(118, 186) 1 1 1 
(118, 187) 1 1 1 
(119, 113) 1 1 1 
(119, 145) -1 -1 -1 
(119, 146) 1 1 1 
(120, 111) -1 -1 -1 
(120, 168) 1 1 1 
(121, 110) 1 1 1 
(121, 162) -1 -1 -1 
(122, 166) 1 1 1 
(123, 112) -1 -1 -1 
(123, 153) 1 1 1 
(123, 168) 1 1 1 
(123, 171) 1 1 1 
(123, 174) -1 -1 -1 
(123, 175) -1 -1 -1 
(123, 176) -1 -1 -1 
(123, 196) -1 -1 -1 
(124, 106) -1 -1 -1 
(124, 111) 1 1 1 
(124, 176) -1 -1 -1 
(125, 174) 1 1 1 
(125, 178) 1 1 1 
(125, 198) 1 1 1 
(126, 120) 1 1 1 
(126, 181) 1 1 1 
(126, 201) 1 1 1 
(127, 110) 1 1 1 
(127, 119) 1 1 1 
(127, 173) 1 1 1 
(127, 180) 1 1 1 
(128, 118) 1 1 1 
(128, 175) 1 1 1 
(129, 106) 1 1 1 
(129, 108) 1 1 1 
(129, 177) 1 1 1 
(129, 183) 1 1 1 
(130, 106) 1 1 1 
(130, 177) 1 1 1 
(130, 179) 1 1 1 
(130, 180) -1 -1 -1 
(130, 187) -1 -1 -1 
(131, 126) 1 1 1 
(131, 186) 1 1 1 
(131, 209) -1 -1 -1 
(132, 192) -1 -1 -1 
(132, 210) 1 1 1 
(133, 107) 1 1 1 
(133, 126) 1 1 1 
(133, 128) -1 -1 -1 
(134, 119) 1 1 1 
(134, 127) 1 1 1 
(134, 130) 1 1 1 
(135, 129) 1 1 1 
(135, 131) 1 1 1 
(135, 186) 1 1 1 
(135, 197) -1 -1 -1 
(136, 128) 1 1 1 
(136, 130) 1 1 1 
(136, 191) -1 -1 -1 
(137, 127) 1 1 1 
(137, 129) 1 1 1 
(137, 130) 1 1 1 
(137, 132) 1 1 1 
(137, 197) -1 -1 -1 
(138, 129) 1 1 1 
(138, 130) 1 1 1 
(138, 131) 1 1 1 
(138, 193) -1 -1 -1 
(138, 194) 1 1 1 
(138, 198) -1 -1 -1 
(138, 199) -1 -1 -1 
(139, 129) -1 -1 -1 
(139, 132) -1 -1 -1 
(139, 222) 1 1 1 
(140, 199) -1 -1 -1 
(140, 203) -1 -1 -1 
(141, 127) -1 -1 -1 
(141, 132) 1 1 1 
(141, 203) 1 1 1 
(142, 108) 1 1 1 
(142, 135) -1 -1 -1 
(142, 204) -1 -1 -1 
(143, 135) 1 1 1 
(143, 203) -1 -1 -1 
(143, 208) 1 1 1 
(143, 209) -1 -1 -1 
(143, 230) -1 -1 -1 
(144, 132) -1 -1 -1 
(144, 149) 1 1 1 
(144, 205) 1 1 1 
(145, 110) 1 1 1 
(145, 146) 1 1 1 
(145, 147) 1 1 1 
(145, 206) 1 1 1 
(145, 209) 1 1 1 
(146, 131) 1 1 1 
(146, 133) -1 -1 -1 
(146, 138) 1 1 1 
(146, 142) 1 1 1 
(146, 143) -1 -1 -1 
(146, 150) -1 -1 -1 
(146, 206) -1 -1 -1 
(146, 207) 1 1 1 
(146, 214) 1 1 1 
(146, 234) 1 1 1 
(147, 112) 1 1 1 
(147, 141) 1 1 1 
(147, 151) -1 -1 -1 
(148, 138) -1 -1 -1 
(148, 207) 1 1 1 
(149, 110) 1 1 1 
(149, 111) -1 -1 -1 
(149, 134) 1 1 1 
(149, 140) -1 -1 -1 
(149, 141) 1 1 1 
(149, 209) 1 1 1 
(149, 214) 1 1 1 
(150, 106) 1 1 1 
(150, 110) -1 -1 -1 
(150, 137) 1 1 1 
(150, 138) 1 1 1 
(150, 146) -1 -1 -1 
(150, 211) 1 1 1 
(151, 107) -1 -1 -1 
(151, 109) -1 -1 -1 
(151, 137) 1 1 1 
(151, 141) 1 1 1 
(151, 213) 1 1 1 
(151, 220) -1 -1 -1 
(151, 244) -1 -1 -1 
(152, 105) 1 1 1 
(152, 106) -1 -1 -1 
(152, 108) -1 -1 -1 
(152, 212) -1 -1 -1 
(152, 215) 1 1 1 
(152, 222) -1 -1 -1 
(153, 217) -1 -1 -1 
(153, 220) 1 1 1 
(153, 222) -1 -1 -1 
(153, 225) 1 1 1 
(153, 246) 1 1 1 
(154, 219) -1 -1 -1 
(154, 220) 1 1 1 
(155, 230) -1 -1 -1 
(156, 106) 1 1 1 
(156, 226) -1 -1 -1 
(156, 227) 1 1 1 
(157, 253) -1 -1 -1 
(157, 254) 1 1 1 
(158, 229) 1 1 1 
(158, 235) -1 -1 -1 
(159, 226) 1 1 1 
(160, 228) 1 1 1 
(160, 236) 1 1 1 
(161, 103) 1 1 1 
(161, 105) 1 1 1 
(161, 228) 1 1 1 
(161, 240) -1 -1 -1 
(162, 104) 1 1 1 
(162, 232) -1 -1 -1 
(162, 234) -1 -1 -1 
(163, 236) 1 1 1 
(163, 239) -1 -1 -1 
(163, 242) -1 -1 -1 
(165, 243) -1 -1 -1 
(166, 244) 1 1 1 
(166, 247) 1 1 1 
(167, 244) -1 -1 -1 
(167, 245) 1 1 1 
(169, 247) 1 1 1 
(169, 254) 1 1 1 
(170, 241) -1 -1 -1 
(170, 247) -1 -1 -1 
(170, 248) -1 -1 -1 
(171, 245) 1 1 1 
(172, 250) 1 1 1 
(172, 252) -1 -1 -1 
(174, 248) 1 1 1 
(174, 249) 1 1 1 
(174, 251) 1 1 1 
(175, 250) 1 1 1 
(175, 253) 1 1 1 
