(27, 151) 1 1 1 
(31, 148) 1 1 1 
(31, 159) 1 1 1 
(32, 163) -1 -1 -1 
(33, 160) 1 1 1 
(34, 157) -1 -1 -1 
(34, 162) -1 -1 -1 
(35, 147) -1 -1 -1 
(35, 160) -1 -1 -1 
(35, 162) 1 1 1 
(36, 162) -1 -1 -1 
(37, 161) -1 -1 -1 
(38, 146) -1 -1 -1 
(38, 156) -1 -1 -1 
(38, 159) 1 1 1 
(38, 161) -1 -1 -1 
(40, 160) 1 1 1 
(41, 145) 1 1 1 
(41, 157) 1 1 1 
(41, 160) -1 -1 -1 
(42, 143) 1 1 1 
(42, 159) -1 -1 -1 
(43, 143) 1 1 1 
(44, 153) -1 -1 -1 
(47, 157) -1 -1 -1 
(48, 140) 1 1 1 
(49, 139) 1 1 1 
(49, 140) -1 -1 -1 
(49, 157) 1 1 1 
(50, 151) 1 1 1 
(54, 151) 1 1 1 
(54, 153) 1 1 1 
(57, 148) 1 1 1 
(58, 135) 1 1 1 
(58, 150) 1 1 1 
(59, 136) -1 -1 -1 
(59, 157) 1 1 1 
(60, 153) 1 1 1 
(61, 134) 1 1 1 
(61, 135) 1 1 1 
(61, 146) -1 -1 -1 
(64, 132) 1 1 1 
(65, 148) 1 1 1 
(66, 139) 1 1 1 
(66, 141) 1 1 1 
(67, 132) 1 1 1 
(67, 143) 1 1 1 
(69, 132) -1 -1 -1 
(69, 137) 1 1 1 
(70, 136) 1 1 1 
(70, 147) 1 1 1 
(71, 129) 1 1 1 
(71, 147) 1 1 1 
(72, 135) 1 1 1 
(72, 138) -1 -1 -1 
(73, 134) 1 1 1 
(74, 134) 1 1 1 
(74, 140) -1 -1 -1 
(74, 141) -1 -1 -1 
(74, 142) 1 1 1 
(75, 133) 1 1 1 
(75, 138) -1 -1 -1 
(75, 143) 1 1 1 
(75, 145) 1 1 1 
(76, 127) 1 1 1 
(76, 133) 1 1 1 
(76, 146) 1 1 1 
(76, 147) 1 1 1 
(77, 127) -1 -1 -1 
(77, 132) 1 1 1 
(78, 132) 1 1 1 
(79, 131) 1 1 1 
(79, 142) -1 -1 -1 
(79, 151) -1 -1 -1 
(80, 131) 1 1 1 
(81, 126) 1 1 1 
(81, 131) 1 1 1 
(82, 145) -1 -1 -1 
(83, 137) -1 -1 -1 
(84, 140) -1 -1 -1 
(84, 143) 1 1 1 
(84, 149) -1 -1 -1 
(85, 122) 1 1 1 
(85, 137) -1 -1 -1 
(85, 138) -1 -1 -1 
(85, 141) 1 1 1 
(86, 123) 1 1 1 
(89, 120) 1 1 1 
(89, 136) -1 -1 -1 
(90, 133) -1 -1 -1 
(91, 138) 1 1 1 
(92, 136) 1 1 1 
(92, 146) -1 -1 -1 
(94, 118) 1 1 1 
(95, 119) -1 -1 -1 
(95, 134) 1 1 1 
(96, 134) 1 1 1 
(97, 117) 1 1 1 
(98, 116) 1 1 1 
(98, 118) 1 1 1 
(98, 130) 1 1 1 
(101, 116) 1 1 1 
(102, 114) 1 1 1 
(103, 128) -1 -1 -1 
(103, 130) 1 1 1 
(105, 113) 1 1 1 
(105, 114) 1 1 1 
(106, 112) 1 1 1 
(106, 114) -1 -1 -1 
(106, 131) -1 -1 -1 
(109, 111) 1 1 1 
(109, 126) -1 -1 -1 
(109, 129) 1 1 1 
(110, 125) 1 1 1 
(110, 126) -1 -1 -1 
(110, 130) -1 -1 -1 
(113, 110) -1 -1 -1 
(115, 110) 1 1 1 
(116, 109) 1 1 1 
(116, 122) 1 1 1 
(116, 123) 1 1 1 
(117, 107) 1 1 1 
(117, 124) -1 -1 -1 
(117, 139) 1 1 1 
(118, 106) 1 1 1 
(118, 107) 1 1 1 
(118, 109) -1 -1 -1 
(118, 139) -1 -1 -1 
(119, 139) -1 -1 -1 
(120, 107) 1 1 1 
(120, 108) -1 -1 -1 
(120, 139) -1 -1 -1 
(121, 105) 1 1 1 
(121, 110) -1 -1 -1 
(122, 104) 1 1 1 
(122, 128) -1 -1 -1 
(123, 115) 1 1 1 
(123, 121) -1 -1 -1 
(124, 122) 1 1 1 
(124, 127) -1 -1 -1 
(124, 138) -1 -1 -1 
(125, 103) 1 1 1 
(125, 116) -1 -1 -1 
(125, 118) -1 -1 -1 
(125, 122) 1 1 1 
(125, 138) -1 -1 -1 
(126, 106) 1 1 1 
(126, 107) 1 1 1 
(126, 108) 1 1 1 
(126, 109) 1 1 1 
(126, 116) -1 -1 -1 
(127, 105) 1 1 1 
(127, 106) 1 1 1 
(127, 107) 1 1 1 
(127, 108) 1 1 1 
(127, 109) 1 1 1 
(127, 110) 1 1 1 
(127, 111) 1 1 1 
(127, 112) 1 1 1 
(127, 113) 1 1 1 
(127, 114) 1 1 1 
(127, 115) -1 -1 -1 
(127, 116) -1 -1 -1 
(127, 118) 1 1 1 
(127, 126) -1 -1 -1 
(128, 105) 1 1 1 
(128, 106) 1 1 1 
(128, 107) 1 1 1 
(128, 108) 1 1 1 
(128, 109) 1 1 1 
(128, 110) 1 1 1 
(128, 111) 1 1 1 
(128, 112) 1 1 1 
(128, 113) 1 1 1 
(128, 114) 1 1 1 
(128, 122) -1 -1 -1 
(128, 123) 1 1 1 
(128, 124) -1 -1 -1 
(129, 105) 1 1 1 
(129, 106) 1 1 1 
(129, 107) 1 1 1 
(129, 108) 1 1 1 
(129, 109) 1 1 1 
(129, 110) 1 1 1 
(129, 111) 1 1 1 
(129, 112) 1 1 1 
(129, 113) 1 1 1 
(129, 114) 1 1 1 
(129, 134) 1 1 1 
(129, 137) -1 -1 -1 
(130, 111) 1 1 1 
(130, 112) 1 1 1 
(130, 113) 1 1 1 
(130, 114) 1 1 1 
(130, 117) 1 1 1 
(130, 133) 1 1 1 
(130, 137) -1 -1 -1 
(132, 101) -1 -1 -1 
(132, 102) 1 1 1 
(132, 122) 1 1 1 
(132, 133) 1 1 1 
(132, 136) -1 -1 -1 
(133, 122) -1 -1 -1 
(133, 136) -1 -1 -1 
(134, 131) -1 -1 -1 
(135, 102) -1 -1 -1 
(135, 135) -1 -1 -1 
(136, 101) -1 -1 -1 
(136, 102) -1 -1 -1 
(136, 103) -1 -1 -1 
(136, 106) -1 -1 -1 
(136, 117) 1 1 1 
(136, 130) -1 -1 -1 
(136, 135) -1 -1 -1 
(137, 101) 1 1 1 
(137, 110) 1 1 1 
(137, 112) -1 -1 -1 
(137, 120) 1 1 1 
(137, 134) -1 -1 -1 
(138, 108) 1 1 1 
(138, 116) 1 1 1 
(138, 120) -1 -1 -1 
(138, 129) -1 -1 -1 
(138, 134) -1 -1 -1 
(139, 112) 1 1 1 
(139, 113) -1 -1 -1 
(139, 129) -1 -1 -1 
(139, 131) 0 0 -1 
(140, 115) 1 1 1 
(140, 131) 0 0 -1 
(141, 128) -1 -1 -1 
(142, 117) -1 -1 -1 
(142, 118) 1 1 1 
(142, 128) -1 -1 -1 
(143, 118) -1 -1 -1 
(143, 127) -1 -1 -1 
(144, 127) -1 -1 -1 
(145, 126) -1 -1 -1 
(145, 132) 1 1 1 
(146, 126) -1 -1 -1 
(147, 125) -1 -1 -1 
(147, 126) -1 -1 -1 
(148, 108) -1 -1 -1 
(148, 125) -1 -1 -1 
(149, 108) -1 -1 -1 
(149, 124) -1 -1 -1 
(149, 125) -1 -1 -1 
(150, 101) -1 -1 -1 
(150, 108) -1 -1 -1 
(150, 124) -1 -1 -1 
(150, 125) -1 -1 -1 
(150, 130) 0 0 -1 
(151, 100) 1 1 1 
(151, 102) 1 1 1 
(151, 106) -1 -1 -1 
(151, 107) -1 -1 -1 
(151, 108) -1 -1 -1 
(151, 124) -1 -1 -1 
(151, 130) 0 0 -1 
(152, 96) -1 -1 -1 
(152, 101) 1 1 1 
(152, 105) 1 1 1 
(152, 107) -1 -1 -1 
(152, 108) -1 -1 -1 
(152, 123) -1 -1 -1 
(152, 124) -1 -1 -1 
(153, 103) -1 -1 -1 
(153, 107) -1 -1 -1 
(153, 108) -1 -1 -1 
(153, 123) -1 -1 -1 
(153, 124) -1 -1 -1 
(154, 106) -1 -1 -1 
(154, 107) -1 -1 -1 
(154, 122) -1 -1 -1 
(154, 123) -1 -1 -1 
(154, 125) 0 0 1 
(155, 99) -1 -1 -1 
(155, 106) -1 -1 -1 
(155, 107) -1 -1 -1 
(155, 111) -1 -1 -1 
(155, 122) -1 -1 -1 
(155, 123) -1 -1 -1 
(156, 97) -1 -1 -1 
(156, 104) -1 -1 -1 
(156, 106) -1 -1 -1 
(156, 107) -1 -1 -1 
(156, 109) -1 -1 -1 
(156, 116) -1 -1 -1 
(156, 122) -1 -1 -1 
(156, 125) 0 0 -1 
(157, 98) -1 -1 -1 
(157, 106) -1 -1 -1 
(157, 107) -1 -1 -1 
(157, 114) -1 -1 -1 
(157, 121) -1 -1 -1 
(157, 122) -1 -1 -1 
(157, 125) 0 0 -1 
(158, 100) -1 -1 -1 
(158, 106) -1 -1 -1 
(158, 107) -1 -1 -1 
(158, 112) 1 1 1 
(158, 121) -1 -1 -1 
(158, 122) -1 -1 -1 
(158, 125) 0 0 -1 
(158, 131) -1 -1 -1 
(159, 94) 1 1 1 
(159, 99) -1 -1 -1 
(159, 106) -1 -1 -1 
(159, 107) -1 -1 -1 
(159, 110) 1 1 1 
(159, 120) -1 -1 -1 
(159, 121) -1 -1 -1 
(159, 122) 0 0 1 
(159, 125) 0 0 -1 
(160, 98) -1 -1 -1 
(160, 100) 1 1 1 
(160, 104) -1 -1 -1 
(160, 106) -1 -1 -1 
(160, 107) -1 -1 -1 
(160, 115) 1 1 1 
(160, 120) -1 -1 -1 
(160, 121) -1 -1 -1 
(160, 122) 0 0 1 
(161, 107) -1 -1 -1 
(161, 112) -1 -1 -1 
(161, 120) -1 -1 -1 
(161, 122) 0 0 1 
(161, 129) 0 0 -1 
(162, 94) 1 1 1 
(162, 96) -1 -1 -1 
(162, 119) -1 -1 -1 
(162, 122) 0 0 1 
(162, 124) 0 0 1 
(162, 129) 0 0 -1 
(163, 99) -1 -1 -1 
(163, 122) 0 0 1 
(163, 124) 0 0 1 
(164, 122) 0 0 1 
(164, 124) 0 0 1 
(164, 130) 1 1 1 
(165, 96) 1 1 1 
(165, 97) 1 1 1 
(166, 98) 1 1 1 
(166, 100) 1 1 1 
(166, 101) -1 -1 -1 
(166, 124) 0 0 -1 
(167, 102) 1 1 1 
(167, 124) 0 0 -1 
(168, 121) -1 -1 -1 
(168, 124) 0 0 -1 
(169, 121) 0 0 1 
(169, 124) 0 0 -1 
(170, 121) 0 0 1 
(171, 121) 0 0 1 
(172, 99) 1 1 1 
(172, 101) -1 -1 -1 
(172, 105) 1 1 1 
(172, 121) 0 0 1 
(172, 123) 0 0 1 
(172, 128) 0 0 -1 
(173, 94) -1 -1 -1 
(173, 121) 0 0 1 
(173, 123) 0 0 1 
(173, 128) 0 0 -1 
(173, 129) 1 1 1 
(174, 96) -1 -1 -1 
(174, 100) -1 -1 -1 
(174, 116) 1 1 1 
(174, 121) 0 0 1 
(174, 123) 0 0 1 
(174, 128) 0 0 -1 
(175, 94) 1 1 1 
(175, 100) -1 -1 -1 
(175, 102) -1 -1 -1 
(175, 113) 1 1 1 
(175, 123) 0 0 -1 
(176, 94) 1 1 1 
(176, 115) -1 -1 -1 
(176, 123) 0 0 -1 
(177, 98) -1 -1 -1 
(177, 102) -1 -1 -1 
(177, 103) 1 1 1 
(177, 114) -1 -1 -1 
(177, 123) 0 0 -1 
(178, 103) 1 1 1 
(178, 116) 1 1 1 
(178, 123) 0 0 -1 
(179, 91) 1 1 1 
(179, 120) 0 0 1 
(179, 123) 0 0 -1 
(180, 91) 1 1 1 
(180, 111) -1 -1 -1 
(180, 112) 1 1 1 
(180, 120) 0 0 1 
(181, 93) 1 1 1 
(181, 94) 1 1 1 
(181, 95) 1 1 1 
(181, 96) 1 1 1 
(181, 118) 1 1 1 
(181, 120) 0 0 1 
(182, 97) 1 1 1 
(182, 98) 1 1 1 
(182, 99) 1 1 1 
(182, 100) 1 1 1 
(182, 120) 0 0 1 
(182, 122) 0 0 1 
(183, 96) 1 1 1 
(183, 102) 1 1 1 
(183, 103) 1 1 1 
(183, 104) 1 1 1 
(183, 105) 1 1 1 
(183, 116) 1 1 1 
(183, 120) 0 0 1 
(183, 122) 0 0 1 
(184, 106) 1 1 1 
(184, 107) 1 1 1 
(184, 108) 1 1 1 
(184, 109) 1 1 1 
(184, 120) 0 0 1 
(184, 122) 0 0 1 
(184, 127) 0 0 -1 
(185, 90) 1 1 1 
(185, 111) 1 1 1 
(185, 112) 1 1 1 
(185, 122) 0 0 -1 
(185, 127) 0 0 -1 
(186, 92) 1 1 1 
(186, 97) 1 1 1 
(186, 99) -1 -1 -1 
(186, 106) 1 1 1 
(186, 110) -1 -1 -1 
(186, 114) 1 1 1 
(186, 115) 1 1 1 
(186, 122) 0 0 -1 
(187, 101) 1 1 1 
(187, 104) -1 -1 -1 
(187, 112) -1 -1 -1 
(187, 114) 1 1 1 
(187, 118) -1 -1 -1 
(187, 122) 0 0 -1 
(188, 114) 1 1 1 
(188, 119) 0 0 1 
(188, 122) 0 0 -1 
(189, 97) -1 -1 -1 
(189, 107) -1 -1 -1 
(189, 119) 0 0 1 
(189, 122) 0 0 -1 
(190, 91) -1 -1 -1 
(190, 96) 1 1 1 
(190, 119) 0 0 1 
(191, 94) 1 1 1 
(191, 100) 1 1 1 
(191, 101) 1 1 1 
(191, 103) -1 -1 -1 
(191, 119) 0 0 1 
(192, 93) -1 -1 -1 
(192, 94) -1 -1 -1 
(192, 109) -1 -1 -1 
(192, 110) 1 1 1 
(192, 119) 0 0 1 
(192, 121) 0 0 1 
(193, 97) -1 -1 -1 
(193, 108) 1 1 1 
(193, 111) 1 1 1 
(193, 113) -1 -1 -1 
(193, 116) 1 1 1 
(193, 119) 0 0 1 
(193, 121) 0 0 1 
(194, 112) 1 1 1 
(194, 119) 0 0 1 
(195, 98) -1 -1 -1 
(195, 112) 1 1 1 
(195, 115) -1 -1 -1 
(195, 116) 1 1 1 
(195, 121) 0 0 -1 
(195, 126) 0 0 -1 
(196, 94) 1 1 1 
(196, 101) 1 1 1 
(196, 107) 1 1 1 
(196, 108) -1 -1 -1 
(196, 113) 1 1 1 
(196, 115) 1 1 1 
(196, 121) 0 0 -1 
(196, 126) 0 0 -1 
(197, 105) -1 -1 -1 
(197, 118) 0 0 1 
(197, 121) 0 0 -1 
(198, 106) -1 -1 -1 
(198, 107) -1 -1 -1 
(198, 118) 0 0 1 
(198, 121) 0 0 -1 
(199, 108) 1 1 1 
(199, 109) 1 1 1 
(199, 111) -1 -1 -1 
(199, 118) 0 0 1 
(200, 110) 1 1 1 
(200, 111) 1 1 1 
(200, 117) -1 -1 -1 
(200, 118) 0 0 1 
(201, 118) 0 0 1 
(201, 120) 0 0 1 
(202, 112) 1 1 1 
(202, 117) -1 -1 -1 
(202, 118) 0 0 1 
(202, 120) 0 0 1 
(203, 98) 0 0 1 
(203, 104) -1 -1 -1 
(203, 114) 1 1 1 
(203, 118) 0 0 1 
(203, 120) 0 0 1 
(204, 98) 0 0 1 
(204, 105) -1 -1 -1 
(204, 106) -1 -1 -1 
(204, 108) -1 -1 -1 
(204, 118) 0 0 1 
(205, 98) 0 0 1 
(205, 106) -1 -1 -1 
(205, 108) -1 -1 -1 
(205, 109) -1 -1 -1 
(205, 120) 0 0 -1 
(206, 98) 0 0 1 
(206, 120) 0 0 -1 
(206, 125) 0 0 -1 
(207, 98) 0 0 1 
(207, 107) 1 1 1 
(207, 111) -1 -1 -1 
(207, 113) -1 -1 -1 
(207, 114) -1 -1 -1 
(207, 115) 1 1 1 
(207, 120) 0 0 -1 
(207, 125) 0 0 -1 
(208, 98) 0 0 1 
(208, 110) 1 1 1 
(208, 112) -1 -1 -1 
(208, 114) 1 1 1 
(208, 117) 0 0 1 
(208, 120) 0 0 -1 
(209, 98) 0 0 1 
(209, 112) -1 -1 -1 
(209, 117) 0 0 1 
(210, 98) 0 0 1 
(210, 117) 0 0 1 
(211, 98) 0 0 1 
(211, 104) -1 -1 -1 
(211, 105) -1 -1 -1 
(211, 117) 0 0 1 
(211, 119) 0 0 1 
(212, 105) -1 -1 -1 
(212, 107) -1 -1 -1 
(212, 108) -1 -1 -1 
(212, 114) 1 1 1 
(212, 117) 0 0 1 
(212, 119) 0 0 1 
(213, 106) 1 1 1 
(213, 109) -1 -1 -1 
(213, 113) -1 -1 -1 
(213, 116) -1 -1 -1 
(213, 117) 0 0 1 
(213, 119) 0 0 1 
(214, 113) 1 1 1 
(214, 117) 0 0 1 
(214, 119) 0 0 -1 
(215, 110) 1 1 1 
(215, 112) -1 -1 -1 
(215, 116) -1 -1 -1 
(215, 119) 0 0 -1 
(216, 111) 1 1 1 
(216, 119) 0 0 -1 
(217, 119) 0 0 -1 
(218, 97) 0 0 1 
(218, 116) 0 0 1 
(218, 119) 0 0 -1 
(218, 124) 0 0 -1 
(219, 97) 0 0 1 
(219, 104) -1 -1 -1 
(219, 106) -1 -1 -1 
(219, 116) 0 0 1 
(220, 97) 0 0 1 
(220, 105) 1 1 1 
(220, 107) 1 1 1 
(220, 108) 1 1 1 
(220, 109) -1 -1 -1 
(220, 113) 1 1 1 
(220, 116) 0 0 1 
(221, 97) 0 0 1 
(221, 108) 1 1 1 
(221, 116) 0 0 1 
(221, 118) 0 0 1 
(222, 97) 0 0 1 
(222, 116) 0 0 1 
(222, 118) 0 0 1 
(223, 97) 0 0 1 
(223, 116) 0 0 1 
(223, 118) 0 0 1 
(224, 97) 0 0 1 
(224, 116) 0 0 1 
(224, 118) 0 0 -1 
(225, 115) -1 -1 -1 
(225, 118) 0 0 -1 
(226, 118) 0 0 -1 
(227, 104) 1 1 1 
(227, 105) 1 1 1 
(227, 106) 1 1 1 
(227, 107) 1 1 1 
(227, 109) -1 -1 -1 
(227, 118) 0 0 -1 
(228, 106) 1 1 1 
(228, 107) 1 1 1 
(228, 109) -1 -1 -1 
(229, 110) -1 -1 -1 
(229, 115) 0 0 1 
(230, 110) 1 1 1 
(230, 112) -1 -1 -1 
(230, 115) 0 0 1 
(231, 110) 1 1 1 
(231, 115) 0 0 1 
(231, 117) 0 0 1 
(232, 96) 0 0 1 
(232, 115) 0 0 1 
(232, 117) 0 0 1 
(233, 96) 0 0 1 
(233, 102) 1 1 1 
(233, 106) -1 -1 -1 
(233, 110) -1 -1 -1 
(233, 115) 0 0 1 
(234, 96) 0 0 1 
(234, 102) 1 1 1 
(234, 103) 1 1 1 
(234, 104) 1 1 1 
(234, 106) -1 -1 -1 
(234, 115) 0 0 1 
(234, 117) 0 0 -1 
(235, 96) 0 0 1 
(235, 103) 1 1 1 
(235, 107) 1 1 1 
(235, 117) 0 0 -1 
(236, 96) 0 0 1 
(236, 107) 1 1 1 
(236, 109) 1 1 1 
(236, 112) 1 1 1 
(236, 117) 0 0 -1 
(237, 96) 0 0 1 
(237, 112) 1 1 1 
(237, 117) 0 0 -1 
(238, 96) 0 0 1 
(239, 110) 1 1 1 
(239, 112) -1 -1 -1 
(239, 114) 0 0 1 
(240, 106) -1 -1 -1 
(240, 112) -1 -1 -1 
(240, 114) 0 0 1 
(240, 116) 0 0 1 
(241, 104) -1 -1 -1 
(241, 105) -1 -1 -1 
(241, 106) -1 -1 -1 
(241, 110) -1 -1 -1 
(241, 113) 1 1 1 
(241, 114) 0 0 1 
(241, 116) 0 0 1 
(242, 102) 1 1 1 
(242, 103) 1 1 1 
(242, 107) 1 1 1 
(242, 108) -1 -1 -1 
(242, 114) 0 0 1 
(242, 116) 0 0 1 
(243, 102) 1 1 1 
(243, 107) 1 1 1 
(243, 114) 0 0 1 
(244, 114) 0 0 1 
(246, 113) 1 1 1 
(247, 112) 1 1 1 
(248, 103) -1 -1 -1 
(248, 106) -1 -1 -1 
(249, 101) 1 1 1 
(249, 102) 1 1 1 
(249, 107) 1 1 1 
(249, 110) -1 -1 -1 
(250, 101) 1 1 1 
(251, 108) 1 1 1 
