(58, 75) -1 -1 -1 
(58, 80) -1 -1 -1 
(59, 74) -1 -1 -1 
(59, 75) -1 -1 -1 
(59, 79) -1 -1 -1 
(59, 80) -1 -1 -1 
(59, 86) -1 -1 -1 
(60, 63) 1 1 1 
(60, 73) -1 -1 -1 
(60, 74) -1 -1 -1 
(60, 75) -1 -1 -1 
(60, 79) -1 -1 -1 
(60, 80) -1 -1 -1 
(60, 85) -1 -1 -1 
(60, 86) -1 -1 -1 
(60, 90) -1 -1 -1 
(60, 91) -1 -1 -1 
(61, 72) -1 -1 -1 
(61, 73) -1 -1 -1 
(61, 74) -1 -1 -1 
(61, 75) -1 -1 -1 
(61, 78) -1 -1 -1 
(61, 79) -1 -1 -1 
(61, 80) -1 -1 -1 
(61, 84) -1 -1 -1 
(61, 85) -1 -1 -1 
(61, 86) -1 -1 -1 
(61, 90) -1 -1 -1 
(61, 91) -1 -1 -1 
(61, 94) -1 -1 -1 
(61, 95) -1 -1 -1 
(61, 100) -1 -1 -1 
(62, 71) -1 -1 -1 
(62, 79) -1 -1 -1 
(62, 80) -1 -1 -1 
(62, 84) -1 -1 -1 
(62, 85) -1 -1 -1 
(62, 86) -1 -1 -1 
(62, 89) -1 -1 -1 
(62, 90) -1 -1 -1 
(62, 91) -1 -1 -1 
(62, 94) -1 -1 -1 
(62, 95) -1 -1 -1 
(62, 99) -1 -1 -1 
(62, 100) -1 -1 -1 
(62, 105) -1 -1 -1 
(63, 71) -1 -1 -1 
(63, 76) -1 -1 -1 
(63, 86) -1 -1 -1 
(63, 88) -1 -1 -1 
(63, 89) -1 -1 -1 
(63, 90) -1 -1 -1 
(63, 91) -1 -1 -1 
(63, 93) -1 -1 -1 
(63, 94) -1 -1 -1 
(63, 95) -1 -1 -1 
(63, 99) -1 -1 -1 
(63, 100) -1 -1 -1 
(63, 104) -1 -1 -1 
(63, 105) -1 -1 -1 
(63, 110) -1 -1 -1 
(63, 115) -1 -1 -1 
(64, 71) -1 -1 -1 
(64, 76) -1 -1 -1 
(64, 82) -1 -1 -1 
(64, 93) -1 -1 -1 
(64, 94) -1 -1 -1 
(64, 95) -1 -1 -1 
(64, 98) -1 -1 -1 
(64, 99) -1 -1 -1 
(64, 100) -1 -1 -1 
(64, 104) -1 -1 -1 
(64, 105) -1 -1 -1 
(64, 109) -1 -1 -1 
(64, 110) -1 -1 -1 
(64, 115) -1 -1 -1 
(65, 69) -1 -1 -1 
(65, 82) -1 -1 -1 
(65, 87) -1 -1 -1 
(65, 99) -1 -1 -1 
(65, 100) -1 -1 -1 
(65, 103) -1 -1 -1 
(65, 104) -1 -1 -1 
(65, 105) -1 -1 -1 
(65, 109) -1 -1 -1 
(65, 110) -1 -1 -1 
(65, 114) -1 -1 -1 
(65, 115) -1 -1 -1 
(65, 120) -1 -1 -1 
(66, 58) 1 1 1 
(66, 68) -1 -1 -1 
(66, 69) -1 -1 -1 
(66, 74) -1 -1 -1 
(66, 86) -1 -1 -1 
(66, 87) -1 -1 -1 
(66, 91) -1 -1 -1 
(66, 108) -1 -1 -1 
(66, 109) -1 -1 -1 
(66, 110) -1 -1 -1 
(66, 114) -1 -1 -1 
(66, 115) -1 -1 -1 
(66, 119) -1 -1 -1 
(66, 120) -1 -1 -1 
(66, 125) -1 -1 -1 
(66, 126) -1 -1 -1 
(66, 131) -1 -1 -1 
(67, 73) -1 -1 -1 
(67, 74) -1 -1 -1 
(67, 80) -1 -1 -1 
(67, 96) -1 -1 -1 
(67, 107) -1 -1 -1 
(67, 113) -1 -1 -1 
(67, 114) -1 -1 -1 
(67, 115) -1 -1 -1 
(67, 119) -1 -1 -1 
(67, 120) -1 -1 -1 
(67, 125) -1 -1 -1 
(67, 130) -1 -1 -1 
(67, 131) -1 -1 -1 
(67, 136) -1 -1 -1 
(68, 67) -1 -1 -1 
(68, 80) -1 -1 -1 
(68, 85) -1 -1 -1 
(68, 101) -1 -1 -1 
(68, 107) -1 -1 -1 
(68, 120) -1 -1 -1 
(68, 124) -1 -1 -1 
(68, 125) -1 -1 -1 
(68, 130) -1 -1 -1 
(68, 131) -1 -1 -1 
(68, 136) -1 -1 -1 
(68, 141) -1 -1 -1 
(68, 147) -1 -1 -1 
(69, 66) -1 -1 -1 
(69, 67) -1 -1 -1 
(69, 72) -1 -1 -1 
(69, 84) -1 -1 -1 
(69, 85) -1 -1 -1 
(69, 89) -1 -1 -1 
(69, 106) -1 -1 -1 
(69, 107) -1 -1 -1 
(69, 112) -1 -1 -1 
(69, 129) -1 -1 -1 
(69, 130) -1 -1 -1 
(69, 131) -1 -1 -1 
(69, 135) -1 -1 -1 
(69, 136) -1 -1 -1 
(69, 141) -1 -1 -1 
(69, 147) -1 -1 -1 
(70, 71) -1 -1 -1 
(70, 72) -1 -1 -1 
(70, 78) -1 -1 -1 
(70, 94) -1 -1 -1 
(70, 100) -1 -1 -1 
(70, 112) -1 -1 -1 
(70, 117) -1 -1 -1 
(70, 123) -1 -1 -1 
(70, 135) -1 -1 -1 
(70, 136) -1 -1 -1 
(70, 141) -1 -1 -1 
(70, 146) -1 -1 -1 
(70, 147) -1 -1 -1 
(70, 152) -1 -1 -1 
(70, 158) -1 -1 -1 
(71, 78) -1 -1 -1 
(71, 83) -1 -1 -1 
(71, 99) -1 -1 -1 
(71, 100) -1 -1 -1 
(71, 105) -1 -1 -1 
(71, 123) -1 -1 -1 
(71, 128) -1 -1 -1 
(71, 140) -1 -1 -1 
(71, 141) -1 -1 -1 
(71, 146) -1 -1 -1 
(71, 147) -1 -1 -1 
(71, 152) -1 -1 -1 
(71, 163) -1 -1 -1 
(71, 169) -1 -1 -1 
(72, 53) -1 -1 -1 
(72, 64) -1 -1 -1 
(72, 65) -1 -1 -1 
(72, 70) -1 -1 -1 
(72, 82) -1 -1 -1 
(72, 83) -1 -1 -1 
(72, 87) -1 -1 -1 
(72, 105) -1 -1 -1 
(72, 110) -1 -1 -1 
(72, 116) -1 -1 -1 
(72, 128) -1 -1 -1 
(72, 151) -1 -1 -1 
(72, 152) -1 -1 -1 
(72, 157) -1 -1 -1 
(72, 163) -1 -1 -1 
(73, 69) -1 -1 -1 
(73, 70) -1 -1 -1 
(73, 76) -1 -1 -1 
(73, 92) -1 -1 -1 
(73, 93) -1 -1 -1 
(73, 98) -1 -1 -1 
(73, 110) -1 -1 -1 
(73, 116) -1 -1 -1 
(73, 133) -1 -1 -1 
(73, 139) -1 -1 -1 
(73, 157) -1 -1 -1 
(73, 163) -1 -1 -1 
(73, 180) -1 -1 -1 
(74, 62) -1 -1 -1 
(74, 75) -1 -1 -1 
(74, 76) -1 -1 -1 
(74, 81) -1 -1 -1 
(74, 97) -1 -1 -1 
(74, 98) -1 -1 -1 
(74, 103) -1 -1 -1 
(74, 109) -1 -1 -1 
(74, 116) -1 -1 -1 
(74, 121) -1 -1 -1 
(74, 139) -1 -1 -1 
(74, 162) -1 -1 -1 
(74, 163) -1 -1 -1 
(74, 168) -1 -1 -1 
(74, 174) -1 -1 -1 
(74, 185) -1 -1 -1 
(75, 62) -1 -1 -1 
(75, 80) -1 -1 -1 
(75, 81) -1 -1 -1 
(75, 85) -1 -1 -1 
(75, 91) -1 -1 -1 
(75, 103) -1 -1 -1 
(75, 109) -1 -1 -1 
(75, 132) -1 -1 -1 
(75, 138) -1 -1 -1 
(75, 150) -1 -1 -1 
(75, 168) -1 -1 -1 
(75, 174) -1 -1 -1 
(76, 63) -1 -1 -1 
(76, 67) -1 -1 -1 
(76, 68) -1 -1 -1 
(76, 74) -1 -1 -1 
(76, 85) -1 -1 -1 
(76, 90) -1 -1 -1 
(76, 91) -1 -1 -1 
(76, 96) -1 -1 -1 
(76, 108) -1 -1 -1 
(76, 109) -1 -1 -1 
(76, 114) -1 -1 -1 
(76, 132) -1 -1 -1 
(76, 174) -1 -1 -1 
(77, 60) -1 -1 -1 
(77, 73) -1 -1 -1 
(77, 74) -1 -1 -1 
(77, 79) -1 -1 -1 
(77, 96) -1 -1 -1 
(77, 114) -1 -1 -1 
(77, 143) -1 -1 -1 
(77, 149) -1 -1 -1 
(77, 161) -1 -1 -1 
(77, 167) -1 -1 -1 
(78, 59) -1 -1 -1 
(78, 60) -1 -1 -1 
(78, 65) -1 -1 -1 
(78, 78) -1 -1 -1 
(78, 79) -1 -1 -1 
(78, 83) -1 -1 -1 
(78, 89) -1 -1 -1 
(78, 101) -1 -1 -1 
(78, 107) -1 -1 -1 
(78, 125) -1 -1 -1 
(78, 131) -1 -1 -1 
(78, 143) -1 -1 -1 
(78, 149) -1 -1 -1 
(78, 167) -1 -1 -1 
(79, 60) -1 -1 -1 
(79, 65) -1 -1 -1 
(79, 72) -1 -1 -1 
(79, 82) -1 -1 -1 
(79, 83) -1 -1 -1 
(79, 88) -1 -1 -1 
(79, 89) -1 -1 -1 
(79, 94) -1 -1 -1 
(79, 107) -1 -1 -1 
(79, 131) -1 -1 -1 
(80, 71) -1 -1 -1 
(80, 72) -1 -1 -1 
(80, 77) -1 -1 -1 
(80, 88) -1 -1 -1 
(80, 89) -1 -1 -1 
(80, 94) -1 -1 -1 
(80, 100) -1 -1 -1 
(80, 112) -1 -1 -1 
(80, 118) -1 -1 -1 
(80, 136) -1 -1 -1 
(80, 142) -1 -1 -1 
(80, 160) -1 -1 -1 
(80, 166) -1 -1 -1 
(81, 46) 1 1 1 
(81, 57) -1 -1 -1 
(81, 58) -1 -1 -1 
(81, 63) -1 -1 -1 
(81, 72) -1 -1 -1 
(81, 76) -1 -1 -1 
(81, 77) -1 -1 -1 
(81, 81) -1 -1 -1 
(81, 99) -1 -1 -1 
(81, 100) -1 -1 -1 
(81, 105) -1 -1 -1 
(81, 111) -1 -1 -1 
(81, 118) -1 -1 -1 
(81, 142) -1 -1 -1 
(81, 166) -1 -1 -1 
(82, 56) -1 -1 -1 
(82, 57) -1 -1 -1 
(82, 58) -1 -1 -1 
(82, 63) -1 -1 -1 
(82, 80) -1 -1 -1 
(82, 81) -1 -1 -1 
(82, 87) -1 -1 -1 
(82, 105) -1 -1 -1 
(82, 111) -1 -1 -1 
(82, 129) -1 -1 -1 
(82, 135) -1 -1 -1 
(83, 62) -1 -1 -1 
(83, 63) -1 -1 -1 
(83, 69) -1 -1 -1 
(83, 75) -1 -1 -1 
(83, 86) -1 -1 -1 
(83, 87) -1 -1 -1 
(83, 92) -1 -1 -1 
(83, 98) -1 -1 -1 
(83, 110) -1 -1 -1 
(83, 111) -1 -1 -1 
(83, 135) -1 -1 -1 
(83, 153) -1 -1 -1 
(83, 159) -1 -1 -1 
(84, 55) -1 -1 -1 
(84, 68) -1 -1 -1 
(84, 69) -1 -1 -1 
(84, 70) -1 -1 -1 
(84, 74) -1 -1 -1 
(84, 75) -1 -1 -1 
(84, 79) -1 -1 -1 
(84, 91) -1 -1 -1 
(84, 92) -1 -1 -1 
(84, 98) -1 -1 -1 
(84, 116) -1 -1 -1 
(84, 122) -1 -1 -1 
(84, 128) -1 -1 -1 
(84, 165) -1 -1 -1 
(84, 171) -1 -1 -1 
(85, 54) -1 -1 -1 
(85, 55) -1 -1 -1 
(85, 60) -1 -1 -1 
(85, 61) -1 -1 -1 
(85, 74) -1 -1 -1 
(85, 75) -1 -1 -1 
(85, 78) -1 -1 -1 
(85, 79) -1 -1 -1 
(85, 97) -1 -1 -1 
(85, 98) -1 -1 -1 
(85, 103) -1 -1 -1 
(85, 109) -1 -1 -1 
(85, 122) -1 -1 -1 
(85, 128) -1 -1 -1 
(85, 146) -1 -1 -1 
(86, 60) -1 -1 -1 
(86, 61) -1 -1 -1 
(86, 67) -1 -1 -1 
(86, 84) -1 -1 -1 
(86, 85) -1 -1 -1 
(86, 90) -1 -1 -1 
(86, 96) -1 -1 -1 
(86, 103) -1 -1 -1 
(86, 109) -1 -1 -1 
(86, 115) -1 -1 -1 
(86, 127) -1 -1 -1 
(86, 128) -1 -1 -1 
(86, 152) -1 -1 -1 
(86, 158) -1 -1 -1 
(87, 66) -1 -1 -1 
(87, 67) -1 -1 -1 
(87, 72) -1 -1 -1 
(87, 77) -1 -1 -1 
(87, 90) -1 -1 -1 
(87, 96) -1 -1 -1 
(87, 115) -1 -1 -1 
(87, 133) -1 -1 -1 
(87, 139) -1 -1 -1 
(87, 158) -1 -1 -1 
(87, 164) -1 -1 -1 
(87, 182) -1 -1 -1 
(88, 52) -1 -1 -1 
(88, 53) -1 -1 -1 
(88, 58) -1 -1 -1 
(88, 72) -1 -1 -1 
(88, 73) -1 -1 -1 
(88, 76) -1 -1 -1 
(88, 77) -1 -1 -1 
(88, 95) -1 -1 -1 
(88, 96) -1 -1 -1 
(88, 101) -1 -1 -1 
(88, 120) -1 -1 -1 
(88, 139) -1 -1 -1 
(88, 145) -1 -1 -1 
(88, 164) -1 -1 -1 
(88, 170) -1 -1 -1 
(89, 52) -1 -1 -1 
(89, 53) -1 -1 -1 
(89, 57) -1 -1 -1 
(89, 58) -1 -1 -1 
(89, 65) -1 -1 -1 
(89, 76) -1 -1 -1 
(89, 77) -1 -1 -1 
(89, 82) -1 -1 -1 
(89, 88) -1 -1 -1 
(89, 101) -1 -1 -1 
(89, 107) -1 -1 -1 
(89, 113) -1 -1 -1 
(89, 126) -1 -1 -1 
(89, 132) -1 -1 -1 
(89, 145) -1 -1 -1 
(89, 151) -1 -1 -1 
(89, 157) -1 -1 -1 
(90, 50) -1 -1 -1 
(90, 58) -1 -1 -1 
(90, 64) -1 -1 -1 
(90, 65) -1 -1 -1 
(90, 70) -1 -1 -1 
(90, 81) -1 -1 -1 
(90, 82) -1 -1 -1 
(90, 83) -1 -1 -1 
(90, 88) -1 -1 -1 
(90, 94) -1 -1 -1 
(90, 107) -1 -1 -1 
(90, 113) -1 -1 -1 
(90, 119) -1 -1 -1 
(90, 132) -1 -1 -1 
(90, 138) -1 -1 -1 
(90, 144) -1 -1 -1 
(90, 157) -1 -1 -1 
(90, 163) -1 -1 -1 
(91, 50) -1 -1 -1 
(91, 64) -1 -1 -1 
(91, 65) -1 -1 -1 
(91, 70) -1 -1 -1 
(91, 87) -1 -1 -1 
(91, 88) -1 -1 -1 
(91, 93) -1 -1 -1 
(91, 94) -1 -1 -1 
(91, 112) -1 -1 -1 
(91, 113) -1 -1 -1 
(91, 119) -1 -1 -1 
(91, 138) -1 -1 -1 
(91, 144) -1 -1 -1 
(91, 150) -1 -1 -1 
(91, 163) -1 -1 -1 
(91, 169) -1 -1 -1 
(92, 49) -1 -1 -1 
(92, 50) -1 -1 -1 
(92, 55) -1 -1 -1 
(92, 56) -1 -1 -1 
(92, 70) -1 -1 -1 
(92, 74) -1 -1 -1 
(92, 75) -1 -1 -1 
(92, 80) -1 -1 -1 
(92, 93) -1 -1 -1 
(92, 94) -1 -1 -1 
(92, 99) -1 -1 -1 
(92, 100) -1 -1 -1 
(92, 118) -1 -1 -1 
(92, 119) -1 -1 -1 
(92, 123) -1 -1 -1 
(92, 144) -1 -1 -1 
(92, 150) -1 -1 -1 
(92, 156) -1 -1 -1 
(92, 175) -1 -1 -1 
(93, 54) -1 -1 -1 
(93, 55) -1 -1 -1 
(93, 56) -1 -1 -1 
(93, 62) -1 -1 -1 
(93, 68) -1 -1 -1 
(93, 80) -1 -1 -1 
(93, 86) -1 -1 -1 
(93, 92) -1 -1 -1 
(93, 99) -1 -1 -1 
(93, 100) -1 -1 -1 
(93, 105) -1 -1 -1 
(93, 111) -1 -1 -1 
(93, 124) -1 -1 -1 
(93, 162) -1 -1 -1 
(93, 175) -1 -1 -1 
(94, 47) -1 -1 -1 
(94, 61) -1 -1 -1 
(94, 62) -1 -1 -1 
(94, 67) -1 -1 -1 
(94, 68) -1 -1 -1 
(94, 85) -1 -1 -1 
(94, 86) -1 -1 -1 
(94, 92) -1 -1 -1 
(94, 105) -1 -1 -1 
(94, 111) -1 -1 -1 
(94, 117) -1 -1 -1 
(94, 130) -1 -1 -1 
(95, 35) 1 1 1 
(95, 47) -1 -1 -1 
(95, 53) -1 -1 -1 
(95, 67) -1 -1 -1 
(95, 68) -1 -1 -1 
(95, 72) -1 -1 -1 
(95, 78) -1 -1 -1 
(95, 91) -1 -1 -1 
(95, 92) -1 -1 -1 
(95, 117) -1 -1 -1 
(95, 123) -1 -1 -1 
(95, 136) -1 -1 -1 
(95, 168) -1 -1 -1 
(96, 46) -1 -1 -1 
(96, 47) -1 -1 -1 
(96, 48) -1 -1 -1 
(96, 52) -1 -1 -1 
(96, 53) -1 -1 -1 
(96, 60) -1 -1 -1 
(96, 71) -1 -1 -1 
(96, 72) -1 -1 -1 
(96, 78) -1 -1 -1 
(96, 84) -1 -1 -1 
(96, 97) -1 -1 -1 
(96, 98) -1 -1 -1 
(96, 103) -1 -1 -1 
(96, 123) -1 -1 -1 
(96, 129) -1 -1 -1 
(96, 142) -1 -1 -1 
(96, 174) -1 -1 -1 
(97, 52) -1 -1 -1 
(97, 53) -1 -1 -1 
(97, 59) -1 -1 -1 
(97, 60) -1 -1 -1 
(97, 65) -1 -1 -1 
(97, 77) -1 -1 -1 
(97, 78) -1 -1 -1 
(97, 84) -1 -1 -1 
(97, 103) -1 -1 -1 
(97, 109) -1 -1 -1 
(97, 129) -1 -1 -1 
(97, 135) -1 -1 -1 
(97, 148) -1 -1 -1 
(97, 174) -1 -1 -1 
(97, 186) -1 -1 -1 
(98, 44) -1 -1 -1 
(98, 45) -1 -1 -1 
(98, 59) -1 -1 -1 
(98, 60) -1 -1 -1 
(98, 65) -1 -1 -1 
(98, 70) -1 -1 -1 
(98, 83) -1 -1 -1 
(98, 84) -1 -1 -1 
(98, 89) -1 -1 -1 
(98, 90) -1 -1 -1 
(98, 109) -1 -1 -1 
(98, 115) -1 -1 -1 
(98, 135) -1 -1 -1 
(98, 141) -1 -1 -1 
(98, 154) -1 -1 -1 
(98, 167) -1 -1 -1 
(99, 44) -1 -1 -1 
(99, 45) -1 -1 -1 
(99, 50) -1 -1 -1 
(99, 64) -1 -1 -1 
(99, 65) -1 -1 -1 
(99, 69) -1 -1 -1 
(99, 70) -1 -1 -1 
(99, 76) -1 -1 -1 
(99, 89) -1 -1 -1 
(99, 90) -1 -1 -1 
(99, 95) -1 -1 -1 
(99, 115) -1 -1 -1 
(99, 121) -1 -1 -1 
(99, 141) -1 -1 -1 
(100, 44) -1 -1 -1 
(100, 45) -1 -1 -1 
(100, 49) -1 -1 -1 
(100, 50) -1 -1 -1 
(100, 57) -1 -1 -1 
(100, 69) -1 -1 -1 
(100, 70) -1 -1 -1 
(100, 75) -1 -1 -1 
(100, 76) -1 -1 -1 
(100, 95) -1 -1 -1 
(100, 96) -1 -1 -1 
(100, 101) -1 -1 -1 
(100, 121) -1 -1 -1 
(100, 147) -1 -1 -1 
(100, 173) -1 -1 -1 
(101, 42) -1 -1 -1 
(101, 50) -1 -1 -1 
(101, 51) -1 -1 -1 
(101, 57) -1 -1 -1 
(101, 63) -1 -1 -1 
(101, 75) -1 -1 -1 
(101, 76) -1 -1 -1 
(101, 81) -1 -1 -1 
(101, 82) -1 -1 -1 
(101, 101) -1 -1 -1 
(101, 107) -1 -1 -1 
(101, 127) -1 -1 -1 
(101, 153) -1 -1 -1 
(101, 173) -1 -1 -1 
(102, 41) -1 -1 -1 
(102, 42) -1 -1 -1 
(102, 56) -1 -1 -1 
(102, 57) -1 -1 -1 
(102, 58) -1 -1 -1 
(102, 62) -1 -1 -1 
(102, 63) -1 -1 -1 
(102, 67) -1 -1 -1 
(102, 80) -1 -1 -1 
(102, 81) -1 -1 -1 
(102, 82) -1 -1 -1 
(102, 87) -1 -1 -1 
(102, 107) -1 -1 -1 
(102, 113) -1 -1 -1 
(102, 133) -1 -1 -1 
(102, 146) -1 -1 -1 
(102, 185) -1 -1 -1 
(103, 41) -1 -1 -1 
(103, 42) -1 -1 -1 
(103, 47) -1 -1 -1 
(103, 48) -1 -1 -1 
(103, 61) -1 -1 -1 
(103, 62) -1 -1 -1 
(103, 63) -1 -1 -1 
(103, 67) -1 -1 -1 
(103, 73) -1 -1 -1 
(103, 87) -1 -1 -1 
(103, 88) -1 -1 -1 
(103, 93) -1 -1 -1 
(103, 113) -1 -1 -1 
(103, 126) -1 -1 -1 
(103, 146) -1 -1 -1 
(104, 42) -1 -1 -1 
(104, 46) -1 -1 -1 
(104, 47) -1 -1 -1 
(104, 48) -1 -1 -1 
(104, 54) -1 -1 -1 
(104, 67) -1 -1 -1 
(104, 68) -1 -1 -1 
(104, 73) -1 -1 -1 
(104, 79) -1 -1 -1 
(104, 93) -1 -1 -1 
(104, 94) -1 -1 -1 
(104, 99) -1 -1 -1 
(104, 119) -1 -1 -1 
(104, 126) -1 -1 -1 
(104, 132) -1 -1 -1 
(104, 146) -1 -1 -1 
(104, 152) -1 -1 -1 
(104, 172) -1 -1 -1 
(105, 39) -1 -1 -1 
(105, 48) -1 -1 -1 
(105, 54) -1 -1 -1 
(105, 55) -1 -1 -1 
(105, 60) -1 -1 -1 
(105, 65) -1 -1 -1 
(105, 73) -1 -1 -1 
(105, 74) -1 -1 -1 
(105, 79) -1 -1 -1 
(105, 85) -1 -1 -1 
(105, 99) -1 -1 -1 
(105, 105) -1 -1 -1 
(105, 125) -1 -1 -1 
(105, 126) -1 -1 -1 
(105, 132) -1 -1 -1 
(105, 152) -1 -1 -1 
(105, 172) -1 -1 -1 
(106, 38) -1 -1 -1 
(106, 39) -1 -1 -1 
(106, 45) -1 -1 -1 
(106, 53) -1 -1 -1 
(106, 54) -1 -1 -1 
(106, 55) -1 -1 -1 
(106, 59) -1 -1 -1 
(106, 60) -1 -1 -1 
(106, 65) -1 -1 -1 
(106, 71) -1 -1 -1 
(106, 78) -1 -1 -1 
(106, 79) -1 -1 -1 
(106, 85) -1 -1 -1 
(106, 91) -1 -1 -1 
(106, 105) -1 -1 -1 
(106, 106) -1 -1 -1 
(106, 112) -1 -1 -1 
(106, 118) -1 -1 -1 
(106, 132) -1 -1 -1 
(106, 138) -1 -1 -1 
(106, 158) -1 -1 -1 
(107, 38) -1 -1 -1 
(107, 39) -1 -1 -1 
(107, 44) -1 -1 -1 
(107, 45) -1 -1 -1 
(107, 52) -1 -1 -1 
(107, 59) -1 -1 -1 
(107, 60) -1 -1 -1 
(107, 64) -1 -1 -1 
(107, 65) -1 -1 -1 
(107, 71) -1 -1 -1 
(107, 77) -1 -1 -1 
(107, 84) -1 -1 -1 
(107, 85) -1 -1 -1 
(107, 91) -1 -1 -1 
(107, 111) -1 -1 -1 
(107, 112) -1 -1 -1 
(107, 118) -1 -1 -1 
(107, 138) -1 -1 -1 
(107, 151) -1 -1 -1 
(107, 184) -1 -1 -1 
(108, 39) -1 -1 -1 
(108, 44) -1 -1 -1 
(108, 45) -1 -1 -1 
(108, 52) -1 -1 -1 
(108, 64) -1 -1 -1 
(108, 65) -1 -1 -1 
(108, 70) -1 -1 -1 
(108, 71) -1 -1 -1 
(108, 77) -1 -1 -1 
(108, 90) -1 -1 -1 
(108, 91) -1 -1 -1 
(108, 97) -1 -1 -1 
(108, 117) -1 -1 -1 
(108, 118) -1 -1 -1 
(108, 124) -1 -1 -1 
(108, 144) -1 -1 -1 
(108, 171) -1 -1 -1 
(108, 177) -1 -1 -1 
(109, 36) -1 -1 -1 
(109, 45) -1 -1 -1 
(109, 51) -1 -1 -1 
(109, 52) -1 -1 -1 
(109, 57) -1 -1 -1 
(109, 70) -1 -1 -1 
(109, 71) -1 -1 -1 
(109, 76) -1 -1 -1 
(109, 77) -1 -1 -1 
(109, 83) -1 -1 -1 
(109, 97) -1 -1 -1 
(109, 103) -1 -1 -1 
(109, 110) -1 -1 -1 
(109, 124) -1 -1 -1 
(109, 130) -1 -1 -1 
(109, 171) -1 -1 -1 
(110, 23) -1 -1 -1 
(110, 35) -1 -1 -1 
(110, 36) -1 -1 -1 
(110, 42) -1 -1 -1 
(110, 50) -1 -1 -1 
(110, 51) -1 -1 -1 
(110, 52) -1 -1 -1 
(110, 57) -1 -1 -1 
(110, 58) -1 -1 -1 
(110, 62) -1 -1 -1 
(110, 76) -1 -1 -1 
(110, 77) -1 -1 -1 
(110, 82) -1 -1 -1 
(110, 83) -1 -1 -1 
(110, 89) -1 -1 -1 
(110, 103) -1 -1 -1 
(110, 104) -1 -1 -1 
(110, 110) -1 -1 -1 
(110, 116) -1 -1 -1 
(110, 130) -1 -1 -1 
(110, 157) -1 -1 -1 
(111, 35) -1 -1 -1 
(111, 36) -1 -1 -1 
(111, 41) -1 -1 -1 
(111, 42) -1 -1 -1 
(111, 56) -1 -1 -1 
(111, 57) -1 -1 -1 
(111, 58) -1 -1 -1 
(111, 61) -1 -1 -1 
(111, 62) -1 -1 -1 
(111, 68) -1 -1 -1 
(111, 82) -1 -1 -1 
(111, 83) -1 -1 -1 
(111, 89) -1 -1 -1 
(111, 109) -1 -1 -1 
(111, 110) -1 -1 -1 
(111, 116) -1 -1 -1 
(111, 136) -1 -1 -1 
(111, 143) -1 -1 -1 
(112, 36) -1 -1 -1 
(112, 41) -1 -1 -1 
(112, 42) -1 -1 -1 
(112, 49) -1 -1 -1 
(112, 61) -1 -1 -1 
(112, 62) -1 -1 -1 
(112, 63) -1 -1 -1 
(112, 68) -1 -1 -1 
(112, 74) -1 -1 -1 
(112, 88) -1 -1 -1 
(112, 89) -1 -1 -1 
(112, 95) -1 -1 -1 
(112, 116) -1 -1 -1 
(112, 122) -1 -1 -1 
(112, 143) -1 -1 -1 
(112, 163) -1 -1 -1 
(112, 170) -1 -1 -1 
(112, 176) -1 -1 -1 
(113, 33) -1 -1 -1 
(113, 41) -1 -1 -1 
(113, 42) -1 -1 -1 
(113, 48) -1 -1 -1 
(113, 49) -1 -1 -1 
(113, 55) -1 -1 -1 
(113, 67) -1 -1 -1 
(113, 68) -1 -1 -1 
(113, 69) -1 -1 -1 
(113, 74) -1 -1 -1 
(113, 94) -1 -1 -1 
(113, 95) -1 -1 -1 
(113, 101) -1 -1 -1 
(113, 108) -1 -1 -1 
(113, 122) -1 -1 -1 
(113, 149) -1 -1 -1 
(113, 156) -1 -1 -1 
(114, 32) -1 -1 -1 
(114, 33) -1 -1 -1 
(114, 39) -1 -1 -1 
(114, 47) -1 -1 -1 
(114, 48) -1 -1 -1 
(114, 49) -1 -1 -1 
(114, 54) -1 -1 -1 
(114, 55) -1 -1 -1 
(114, 59) -1 -1 -1 
(114, 73) -1 -1 -1 
(114, 74) -1 -1 -1 
(114, 75) -1 -1 -1 
(114, 80) -1 -1 -1 
(114, 81) -1 -1 -1 
(114, 87) -1 -1 -1 
(114, 101) -1 -1 -1 
(114, 108) -1 -1 -1 
(114, 128) -1 -1 -1 
(114, 135) -1 -1 -1 
(114, 149) -1 -1 -1 
(115, 32) -1 -1 -1 
(115, 33) -1 -1 -1 
(115, 38) -1 -1 -1 
(115, 39) -1 -1 -1 
(115, 53) -1 -1 -1 
(115, 54) -1 -1 -1 
(115, 55) -1 -1 -1 
(115, 59) -1 -1 -1 
(115, 60) -1 -1 -1 
(115, 66) -1 -1 -1 
(115, 80) -1 -1 -1 
(115, 81) -1 -1 -1 
(115, 86) -1 -1 -1 
(115, 87) -1 -1 -1 
(115, 93) -1 -1 -1 
(115, 107) -1 -1 -1 
(115, 108) -1 -1 -1 
(115, 114) -1 -1 -1 
(115, 135) -1 -1 -1 
(116, 31) -1 -1 -1 
(116, 32) -1 -1 -1 
(116, 33) -1 -1 -1 
(116, 38) -1 -1 -1 
(116, 39) -1 -1 -1 
(116, 46) -1 -1 -1 
(116, 58) -1 -1 -1 
(116, 59) -1 -1 -1 
(116, 60) -1 -1 -1 
(116, 65) -1 -1 -1 
(116, 66) -1 -1 -1 
(116, 72) -1 -1 -1 
(116, 86) -1 -1 -1 
(116, 87) -1 -1 -1 
(116, 93) -1 -1 -1 
(116, 114) -1 -1 -1 
(116, 135) -1 -1 -1 
(116, 141) -1 -1 -1 
(116, 148) -1 -1 -1 
(116, 162) -1 -1 -1 
(116, 169) -1 -1 -1 
(117, 37) -1 -1 -1 
(117, 38) -1 -1 -1 
(117, 39) -1 -1 -1 
(117, 45) -1 -1 -1 
(117, 46) -1 -1 -1 
(117, 52) -1 -1 -1 
(117, 64) -1 -1 -1 
(117, 65) -1 -1 -1 
(117, 66) -1 -1 -1 
(117, 71) -1 -1 -1 
(117, 72) -1 -1 -1 
(117, 78) -1 -1 -1 
(117, 92) -1 -1 -1 
(117, 93) -1 -1 -1 
(117, 99) -1 -1 -1 
(117, 106) -1 -1 -1 
(117, 120) -1 -1 -1 
(117, 127) -1 -1 -1 
(117, 141) -1 -1 -1 
(117, 148) -1 -1 -1 
(118, 29) -1 -1 -1 
(118, 30) -1 -1 -1 
(118, 45) -1 -1 -1 
(118, 46) -1 -1 -1 
(118, 51) -1 -1 -1 
(118, 52) -1 -1 -1 
(118, 57) -1 -1 -1 
(118, 71) -1 -1 -1 
(118, 72) -1 -1 -1 
(118, 78) -1 -1 -1 
(118, 99) -1 -1 -1 
(118, 106) -1 -1 -1 
(118, 120) -1 -1 -1 
(118, 127) -1 -1 -1 
(119, 29) -1 -1 -1 
(119, 30) -1 -1 -1 
(119, 36) -1 -1 -1 
(119, 47) -1 -1 -1 
(119, 51) -1 -1 -1 
(119, 52) -1 -1 -1 
(119, 56) -1 -1 -1 
(119, 57) -1 -1 -1 
(119, 63) -1 -1 -1 
(119, 77) -1 -1 -1 
(119, 78) -1 -1 -1 
(119, 84) -1 -1 -1 
(119, 91) -1 -1 -1 
(119, 105) -1 -1 -1 
(119, 106) -1 -1 -1 
(119, 112) -1 -1 -1 
(119, 126) -1 -1 -1 
(119, 127) -1 -1 -1 
(119, 133) -1 -1 -1 
(119, 161) -1 -1 -1 
(119, 168) -1 -1 -1 
(120, 28) -1 -1 -1 
(120, 29) -1 -1 -1 
(120, 30) -1 -1 -1 
(120, 35) -1 -1 -1 
(120, 36) -1 -1 -1 
(120, 43) -1 -1 -1 
(120, 55) -1 -1 -1 
(120, 56) -1 -1 -1 
(120, 57) -1 -1 -1 
(120, 63) -1 -1 -1 
(120, 84) -1 -1 -1 
(120, 85) -1 -1 -1 
(120, 91) -1 -1 -1 
(120, 105) -1 -1 -1 
(120, 106) -1 -1 -1 
(120, 112) -1 -1 -1 
(120, 133) -1 -1 -1 
(120, 142) 1 1 1 
(120, 155) 1 1 1 
(120, 161) -1 -1 -1 
(121, 34) -1 -1 -1 
(121, 35) -1 -1 -1 
(121, 36) -1 -1 -1 
(121, 43) -1 -1 -1 
(121, 49) -1 -1 -1 
(121, 62) -1 -1 -1 
(121, 63) -1 -1 -1 
(121, 69) -1 -1 -1 
(121, 84) -1 -1 -1 
(121, 85) -1 -1 -1 
(121, 90) -1 -1 -1 
(121, 91) -1 -1 -1 
(121, 97) -1 -1 -1 
(121, 111) -1 -1 -1 
(121, 112) -1 -1 -1 
(121, 118) -1 -1 -1 
(121, 146) 1 1 1 
(122, 26) -1 -1 -1 
(122, 42) -1 -1 -1 
(122, 43) -1 -1 -1 
(122, 49) -1 -1 -1 
(122, 54) -1 -1 -1 
(122, 63) -1 -1 -1 
(122, 68) -1 -1 -1 
(122, 69) -1 -1 -1 
(122, 75) -1 -1 -1 
(122, 76) -1 -1 -1 
(122, 90) -1 -1 -1 
(122, 91) -1 -1 -1 
(122, 97) -1 -1 -1 
(122, 104) -1 -1 -1 
(122, 118) -1 -1 -1 
(122, 119) -1 -1 -1 
(122, 125) -1 -1 -1 
(122, 132) -1 -1 -1 
(122, 140) -1 -1 -1 
(123, 25) -1 -1 -1 
(123, 26) -1 -1 -1 
(123, 42) -1 -1 -1 
(123, 43) -1 -1 -1 
(123, 44) -1 -1 -1 
(123, 48) -1 -1 -1 
(123, 49) -1 -1 -1 
(123, 54) -1 -1 -1 
(123, 69) -1 -1 -1 
(123, 70) -1 -1 -1 
(123, 75) -1 -1 -1 
(123, 76) -1 -1 -1 
(123, 82) -1 -1 -1 
(123, 96) -1 -1 -1 
(123, 97) -1 -1 -1 
(123, 103) -1 -1 -1 
(123, 104) -1 -1 -1 
(123, 110) -1 -1 -1 
(123, 125) -1 -1 -1 
(123, 132) -1 -1 -1 
(123, 160) -1 -1 -1 
(124, 25) -1 -1 -1 
(124, 26) -1 -1 -1 
(124, 27) -1 -1 -1 
(124, 32) -1 -1 -1 
(124, 33) -1 -1 -1 
(124, 40) -1 -1 -1 
(124, 47) -1 -1 -1 
(124, 48) -1 -1 -1 
(124, 49) -1 -1 -1 
(124, 53) -1 -1 -1 
(124, 54) -1 -1 -1 
(124, 60) -1 -1 -1 
(124, 74) -1 -1 -1 
(124, 75) -1 -1 -1 
(124, 76) -1 -1 -1 
(124, 81) -1 -1 -1 
(124, 82) -1 -1 -1 
(124, 103) -1 -1 -1 
(124, 104) -1 -1 -1 
(124, 110) -1 -1 -1 
(124, 117) -1 -1 -1 
(124, 131) -1 -1 -1 
(124, 132) -1 -1 -1 
(124, 138) -1 -1 -1 
(124, 160) -1 -1 -1 
(125, 26) -1 -1 -1 
(125, 27) -1 -1 -1 
(125, 31) -1 -1 -1 
(125, 32) -1 -1 -1 
(125, 33) -1 -1 -1 
(125, 40) -1 -1 -1 
(125, 52) -1 -1 -1 
(125, 53) -1 -1 -1 
(125, 54) -1 -1 -1 
(125, 59) -1 -1 -1 
(125, 60) -1 -1 -1 
(125, 67) -1 -1 -1 
(125, 81) -1 -1 -1 
(125, 82) -1 -1 -1 
(125, 88) -1 -1 -1 
(125, 95) -1 -1 -1 
(125, 110) -1 -1 -1 
(125, 117) -1 -1 -1 
(125, 135) -1 -1 -1 
(126, 23) -1 -1 -1 
(126, 31) -1 -1 -1 
(126, 32) -1 -1 -1 
(126, 33) -1 -1 -1 
(126, 39) -1 -1 -1 
(126, 40) -1 -1 -1 
(126, 46) -1 -1 -1 
(126, 59) -1 -1 -1 
(126, 60) -1 -1 -1 
(126, 61) -1 -1 -1 
(126, 66) -1 -1 -1 
(126, 67) -1 -1 -1 
(126, 73) -1 -1 -1 
(126, 88) -1 -1 -1 
(126, 89) -1 -1 -1 
(126, 95) -1 -1 -1 
(126, 116) -1 -1 -1 
(126, 117) -1 -1 -1 
(126, 123) -1 -1 -1 
(127, 22) -1 -1 -1 
(127, 23) -1 -1 -1 
(127, 38) -1 -1 -1 
(127, 39) -1 -1 -1 
(127, 40) -1 -1 -1 
(127, 45) -1 -1 -1 
(127, 46) -1 -1 -1 
(127, 51) -1 -1 -1 
(127, 65) -1 -1 -1 
(127, 66) -1 -1 -1 
(127, 67) -1 -1 -1 
(127, 73) -1 -1 -1 
(127, 94) -1 -1 -1 
(127, 95) -1 -1 -1 
(127, 101) -1 -1 -1 
(127, 117) -1 -1 -1 
(127, 123) -1 -1 -1 
(127, 130) -1 -1 -1 
(128, 22) -1 -1 -1 
(128, 23) -1 -1 -1 
(128, 29) -1 -1 -1 
(128, 41) -1 -1 -1 
(128, 44) -1 -1 -1 
(128, 45) -1 -1 -1 
(128, 46) -1 -1 -1 
(128, 50) -1 -1 -1 
(128, 51) -1 -1 -1 
(128, 57) -1 -1 -1 
(128, 72) -1 -1 -1 
(128, 73) -1 -1 -1 
(128, 79) -1 -1 -1 
(128, 86) -1 -1 -1 
(128, 95) -1 -1 -1 
(128, 101) -1 -1 -1 
(128, 108) -1 -1 -1 
(128, 115) -1 -1 -1 
(128, 123) -1 -1 -1 
(128, 130) -1 -1 -1 
(129, 21) -1 -1 -1 
(129, 22) -1 -1 -1 
(129, 23) -1 -1 -1 
(129, 24) -1 -1 -1 
(129, 28) -1 -1 -1 
(129, 29) -1 -1 -1 
(129, 37) -1 -1 -1 
(129, 46) -1 -1 -1 
(129, 47) -1 -1 -1 
(129, 50) -1 -1 -1 
(129, 51) -1 -1 -1 
(129, 57) -1 -1 -1 
(129, 64) -1 -1 -1 
(129, 73) -1 -1 -1 
(129, 79) -1 -1 -1 
(129, 80) -1 -1 -1 
(129, 86) -1 -1 -1 
(129, 101) -1 -1 -1 
(129, 102) -1 -1 -1 
(129, 108) -1 -1 -1 
(129, 115) -1 -1 -1 
(129, 130) -1 -1 -1 
(129, 141) 1 1 1 
(129, 154) 1 1 1 
(130, 20) -1 -1 -1 
(130, 21) -1 -1 -1 
(130, 22) -1 -1 -1 
(130, 23) -1 -1 -1 
(130, 24) -1 -1 -1 
(130, 28) -1 -1 -1 
(130, 29) -1 -1 -1 
(130, 30) -1 -1 -1 
(130, 36) -1 -1 -1 
(130, 37) -1 -1 -1 
(130, 43) -1 -1 -1 
(130, 51) -1 -1 -1 
(130, 52) -1 -1 -1 
(130, 56) -1 -1 -1 
(130, 57) -1 -1 -1 
(130, 58) -1 -1 -1 
(130, 64) -1 -1 -1 
(130, 79) -1 -1 -1 
(130, 80) -1 -1 -1 
(130, 85) -1 -1 -1 
(130, 86) -1 -1 -1 
(130, 93) -1 -1 -1 
(130, 107) -1 -1 -1 
(130, 108) -1 -1 -1 
(130, 115) -1 -1 -1 
(130, 157) 1 1 1 
(130, 160) -1 -1 -1 
(130, 179) -1 -1 -1 
(131, 22) -1 -1 -1 
(131, 23) -1 -1 -1 
(131, 24) -1 -1 -1 
(131, 27) -1 -1 -1 
(131, 28) -1 -1 -1 
(131, 29) -1 -1 -1 
(131, 30) -1 -1 -1 
(131, 36) -1 -1 -1 
(131, 37) -1 -1 -1 
(131, 42) -1 -1 -1 
(131, 43) -1 -1 -1 
(131, 48) -1 -1 -1 
(131, 57) -1 -1 -1 
(131, 58) -1 -1 -1 
(131, 63) -1 -1 -1 
(131, 64) -1 -1 -1 
(131, 70) -1 -1 -1 
(131, 85) -1 -1 -1 
(131, 86) -1 -1 -1 
(131, 92) -1 -1 -1 
(131, 93) -1 -1 -1 
(131, 99) -1 -1 -1 
(131, 114) -1 -1 -1 
(131, 115) -1 -1 -1 
(131, 121) -1 -1 -1 
(131, 144) -1 -1 -1 
(131, 146) 1 1 1 
(131, 147) -1 -1 -1 
(131, 149) -1 -1 -1 
(131, 157) 1 1 1 
(131, 160) -1 -1 -1 
(132, 27) -1 -1 -1 
(132, 28) -1 -1 -1 
(132, 29) -1 -1 -1 
(132, 30) -1 -1 -1 
(132, 35) -1 -1 -1 
(132, 36) -1 -1 -1 
(132, 37) -1 -1 -1 
(132, 42) -1 -1 -1 
(132, 43) -1 -1 -1 
(132, 48) -1 -1 -1 
(132, 62) -1 -1 -1 
(132, 63) -1 -1 -1 
(132, 64) -1 -1 -1 
(132, 70) -1 -1 -1 
(132, 77) -1 -1 -1 
(132, 92) -1 -1 -1 
(132, 93) -1 -1 -1 
(132, 99) -1 -1 -1 
(132, 106) -1 -1 -1 
(132, 121) -1 -1 -1 
(132, 128) -1 -1 -1 
(132, 145) 1 1 1 
(132, 146) 1 1 1 
(132, 147) -1 -1 -1 
(132, 148) -1 -1 -1 
(132, 150) -1 -1 -1 
(132, 151) -1 -1 -1 
(132, 152) -1 -1 -1 
(133, 18) -1 -1 -1 
(133, 19) -1 -1 -1 
(133, 25) -1 -1 -1 
(133, 34) -1 -1 -1 
(133, 35) -1 -1 -1 
(133, 36) -1 -1 -1 
(133, 37) -1 -1 -1 
(133, 38) -1 -1 -1 
(133, 41) -1 -1 -1 
(133, 42) -1 -1 -1 
(133, 43) -1 -1 -1 
(133, 47) -1 -1 -1 
(133, 48) -1 -1 -1 
(133, 54) -1 -1 -1 
(133, 69) -1 -1 -1 
(133, 70) -1 -1 -1 
(133, 71) -1 -1 -1 
(133, 76) -1 -1 -1 
(133, 77) -1 -1 -1 
(133, 99) -1 -1 -1 
(133, 106) -1 -1 -1 
(133, 113) -1 -1 -1 
(133, 128) -1 -1 -1 
(133, 147) -1 -1 -1 
(133, 148) 1 1 1 
(133, 150) -1 -1 -1 
(133, 157) 1 1 1 
(134, 17) -1 -1 -1 
(134, 18) -1 -1 -1 
(134, 19) -1 -1 -1 
(134, 25) -1 -1 -1 
(134, 37) -1 -1 -1 
(134, 38) -1 -1 -1 
(134, 40) -1 -1 -1 
(134, 41) -1 -1 -1 
(134, 42) -1 -1 -1 
(134, 43) -1 -1 -1 
(134, 44) -1 -1 -1 
(134, 46) -1 -1 -1 
(134, 47) -1 -1 -1 
(134, 48) -1 -1 -1 
(134, 54) -1 -1 -1 
(134, 55) -1 -1 -1 
(134, 61) -1 -1 -1 
(134, 76) -1 -1 -1 
(134, 77) -1 -1 -1 
(134, 83) -1 -1 -1 
(134, 84) -1 -1 -1 
(134, 105) -1 -1 -1 
(134, 106) -1 -1 -1 
(134, 113) -1 -1 -1 
(134, 128) -1 -1 -1 
(134, 147) 1 1 1 
(134, 148) -1 -1 -1 
(134, 150) 1 1 1 
(134, 152) 1 1 1 
(134, 153) -1 -1 -1 
(134, 154) -1 -1 -1 
(134, 155) 1 1 1 
(135, 16) -1 -1 -1 
(135, 17) -1 -1 -1 
(135, 18) -1 -1 -1 
(135, 19) -1 -1 -1 
(135, 24) -1 -1 -1 
(135, 25) -1 -1 -1 
(135, 42) -1 -1 -1 
(135, 43) -1 -1 -1 
(135, 46) -1 -1 -1 
(135, 47) -1 -1 -1 
(135, 48) -1 -1 -1 
(135, 49) -1 -1 -1 
(135, 53) -1 -1 -1 
(135, 54) -1 -1 -1 
(135, 55) -1 -1 -1 
(135, 60) -1 -1 -1 
(135, 61) -1 -1 -1 
(135, 77) -1 -1 -1 
(135, 83) -1 -1 -1 
(135, 84) -1 -1 -1 
(135, 90) -1 -1 -1 
(135, 105) -1 -1 -1 
(135, 106) -1 -1 -1 
(135, 112) -1 -1 -1 
(135, 113) -1 -1 -1 
(135, 152) 1 1 1 
(135, 153) 1 1 1 
(135, 154) 1 1 1 
(135, 161) 1 1 1 
(135, 163) 1 1 1 
(136, 19) -1 -1 -1 
(136, 20) -1 -1 -1 
(136, 23) -1 -1 -1 
(136, 24) -1 -1 -1 
(136, 25) -1 -1 -1 
(136, 26) -1 -1 -1 
(136, 32) -1 -1 -1 
(136, 33) -1 -1 -1 
(136, 39) -1 -1 -1 
(136, 47) -1 -1 -1 
(136, 48) -1 -1 -1 
(136, 49) -1 -1 -1 
(136, 52) -1 -1 -1 
(136, 53) -1 -1 -1 
(136, 54) -1 -1 -1 
(136, 55) -1 -1 -1 
(136, 60) -1 -1 -1 
(136, 61) -1 -1 -1 
(136, 67) -1 -1 -1 
(136, 68) -1 -1 -1 
(136, 82) -1 -1 -1 
(136, 83) -1 -1 -1 
(136, 84) -1 -1 -1 
(136, 90) -1 -1 -1 
(136, 97) -1 -1 -1 
(136, 112) -1 -1 -1 
(136, 113) -1 -1 -1 
(136, 119) -1 -1 -1 
(136, 154) -1 -1 -1 
(136, 159) 1 1 1 
(137, 15) -1 -1 -1 
(137, 24) -1 -1 -1 
(137, 25) -1 -1 -1 
(137, 26) -1 -1 -1 
(137, 31) -1 -1 -1 
(137, 32) -1 -1 -1 
(137, 33) -1 -1 -1 
(137, 38) -1 -1 -1 
(137, 39) -1 -1 -1 
(137, 44) -1 -1 -1 
(137, 52) -1 -1 -1 
(137, 53) -1 -1 -1 
(137, 54) -1 -1 -1 
(137, 55) -1 -1 -1 
(137, 59) -1 -1 -1 
(137, 60) -1 -1 -1 
(137, 61) -1 -1 -1 
(137, 67) -1 -1 -1 
(137, 68) -1 -1 -1 
(137, 74) -1 -1 -1 
(137, 89) -1 -1 -1 
(137, 90) -1 -1 -1 
(137, 97) -1 -1 -1 
(137, 104) -1 -1 -1 
(137, 119) -1 -1 -1 
(137, 126) -1 -1 -1 
(137, 161) -1 -1 -1 
(137, 162) -1 -1 -1 
(138, 14) -1 -1 -1 
(138, 15) -1 -1 -1 
(138, 31) -1 -1 -1 
(138, 32) -1 -1 -1 
(138, 33) -1 -1 -1 
(138, 38) -1 -1 -1 
(138, 39) -1 -1 -1 
(138, 44) -1 -1 -1 
(138, 59) -1 -1 -1 
(138, 60) -1 -1 -1 
(138, 61) -1 -1 -1 
(138, 62) -1 -1 -1 
(138, 66) -1 -1 -1 
(138, 67) -1 -1 -1 
(138, 68) -1 -1 -1 
(138, 74) -1 -1 -1 
(138, 81) -1 -1 -1 
(138, 96) -1 -1 -1 
(138, 97) -1 -1 -1 
(138, 104) -1 -1 -1 
(138, 126) -1 -1 -1 
(138, 132) -1 -1 -1 
(138, 160) -1 -1 -1 
(138, 161) -1 -1 -1 
(139, 13) -1 -1 -1 
(139, 14) -1 -1 -1 
(139, 15) -1 -1 -1 
(139, 21) -1 -1 -1 
(139, 34) -1 -1 -1 
(139, 37) -1 -1 -1 
(139, 38) -1 -1 -1 
(139, 39) -1 -1 -1 
(139, 43) -1 -1 -1 
(139, 44) -1 -1 -1 
(139, 62) -1 -1 -1 
(139, 66) -1 -1 -1 
(139, 67) -1 -1 -1 
(139, 68) -1 -1 -1 
(139, 73) -1 -1 -1 
(139, 74) -1 -1 -1 
(139, 81) -1 -1 -1 
(139, 88) -1 -1 -1 
(139, 103) -1 -1 -1 
(139, 104) -1 -1 -1 
(139, 126) -1 -1 -1 
(139, 158) -1 -1 -1 
(139, 159) 1 1 1 
(139, 160) 1 1 1 
(140, 13) -1 -1 -1 
(140, 14) -1 -1 -1 
(140, 15) -1 -1 -1 
(140, 16) -1 -1 -1 
(140, 20) -1 -1 -1 
(140, 21) -1 -1 -1 
(140, 22) -1 -1 -1 
(140, 29) -1 -1 -1 
(140, 39) -1 -1 -1 
(140, 40) -1 -1 -1 
(140, 42) -1 -1 -1 
(140, 43) -1 -1 -1 
(140, 44) -1 -1 -1 
(140, 50) -1 -1 -1 
(140, 51) -1 -1 -1 
(140, 57) -1 -1 -1 
(140, 67) -1 -1 -1 
(140, 68) -1 -1 -1 
(140, 73) -1 -1 -1 
(140, 74) -1 -1 -1 
(140, 75) -1 -1 -1 
(140, 80) -1 -1 -1 
(140, 81) -1 -1 -1 
(140, 88) -1 -1 -1 
(140, 103) -1 -1 -1 
(140, 104) -1 -1 -1 
(140, 110) -1 -1 -1 
(140, 111) -1 -1 -1 
(140, 133) -1 -1 -1 
(140, 157) 1 1 1 
(140, 160) 1 1 1 
(140, 163) -1 -1 -1 
(141, 16) -1 -1 -1 
(141, 19) -1 -1 -1 
(141, 20) -1 -1 -1 
(141, 21) -1 -1 -1 
(141, 22) -1 -1 -1 
(141, 29) -1 -1 -1 
(141, 44) -1 -1 -1 
(141, 45) -1 -1 -1 
(141, 49) -1 -1 -1 
(141, 50) -1 -1 -1 
(141, 51) -1 -1 -1 
(141, 57) -1 -1 -1 
(141, 64) -1 -1 -1 
(141, 72) -1 -1 -1 
(141, 73) -1 -1 -1 
(141, 74) -1 -1 -1 
(141, 75) -1 -1 -1 
(141, 80) -1 -1 -1 
(141, 81) -1 -1 -1 
(141, 87) -1 -1 -1 
(141, 88) -1 -1 -1 
(141, 110) -1 -1 -1 
(141, 111) -1 -1 -1 
(141, 117) -1 -1 -1 
(141, 160) 1 1 1 
(142, 11) -1 -1 -1 
(142, 21) -1 -1 -1 
(142, 22) -1 -1 -1 
(142, 28) -1 -1 -1 
(142, 29) -1 -1 -1 
(142, 30) -1 -1 -1 
(142, 35) -1 -1 -1 
(142, 49) -1 -1 -1 
(142, 50) -1 -1 -1 
(142, 51) -1 -1 -1 
(142, 56) -1 -1 -1 
(142, 57) -1 -1 -1 
(142, 58) -1 -1 -1 
(142, 64) -1 -1 -1 
(142, 79) -1 -1 -1 
(142, 80) -1 -1 -1 
(142, 81) -1 -1 -1 
(142, 87) -1 -1 -1 
(142, 88) -1 -1 -1 
(142, 94) -1 -1 -1 
(142, 95) -1 -1 -1 
(142, 117) -1 -1 -1 
(142, 158) -1 -1 -1 
(143, 10) -1 -1 -1 
(143, 11) -1 -1 -1 
(143, 27) -1 -1 -1 
(143, 28) -1 -1 -1 
(143, 29) -1 -1 -1 
(143, 30) -1 -1 -1 
(143, 34) -1 -1 -1 
(143, 35) -1 -1 -1 
(143, 36) -1 -1 -1 
(143, 40) -1 -1 -1 
(143, 41) -1 -1 -1 
(143, 56) -1 -1 -1 
(143, 57) -1 -1 -1 
(143, 58) -1 -1 -1 
(143, 63) -1 -1 -1 
(143, 64) -1 -1 -1 
(143, 71) -1 -1 -1 
(143, 82) -1 -1 -1 
(143, 86) -1 -1 -1 
(143, 87) -1 -1 -1 
(143, 88) -1 -1 -1 
(143, 94) -1 -1 -1 
(143, 95) -1 -1 -1 
(143, 101) -1 -1 -1 
(143, 124) -1 -1 -1 
(143, 137) -1 -1 -1 
(144, 10) -1 -1 -1 
(144, 11) -1 -1 -1 
(144, 12) -1 -1 -1 
(144, 17) -1 -1 -1 
(144, 18) -1 -1 -1 
(144, 30) -1 -1 -1 
(144, 34) -1 -1 -1 
(144, 35) -1 -1 -1 
(144, 36) -1 -1 -1 
(144, 40) -1 -1 -1 
(144, 41) -1 -1 -1 
(144, 47) -1 -1 -1 
(144, 63) -1 -1 -1 
(144, 64) -1 -1 -1 
(144, 70) -1 -1 -1 
(144, 71) -1 -1 -1 
(144, 87) -1 -1 -1 
(144, 88) -1 -1 -1 
(144, 93) -1 -1 -1 
(144, 94) -1 -1 -1 
(144, 95) -1 -1 -1 
(144, 101) -1 -1 -1 
(144, 124) -1 -1 -1 
(144, 131) -1 -1 -1 
(144, 146) -1 -1 -1 
(145, 9) -1 -1 -1 
(145, 10) -1 -1 -1 
(145, 11) -1 -1 -1 
(145, 12) -1 -1 -1 
(145, 17) -1 -1 -1 
(145, 18) -1 -1 -1 
(145, 35) -1 -1 -1 
(145, 36) -1 -1 -1 
(145, 39) -1 -1 -1 
(145, 40) -1 -1 -1 
(145, 41) -1 -1 -1 
(145, 47) -1 -1 -1 
(145, 48) -1 -1 -1 
(145, 54) -1 -1 -1 
(145, 64) -1 -1 -1 
(145, 65) -1 -1 -1 
(145, 70) -1 -1 -1 
(145, 71) -1 -1 -1 
(145, 77) -1 -1 -1 
(145, 78) -1 -1 -1 
(145, 93) -1 -1 -1 
(145, 94) -1 -1 -1 
(145, 95) -1 -1 -1 
(145, 100) -1 -1 -1 
(145, 101) -1 -1 -1 
(145, 102) -1 -1 -1 
(145, 108) -1 -1 -1 
(145, 131) -1 -1 -1 
(146, 8) -1 -1 -1 
(146, 9) -1 -1 -1 
(146, 10) -1 -1 -1 
(146, 11) -1 -1 -1 
(146, 12) -1 -1 -1 
(146, 16) -1 -1 -1 
(146, 17) -1 -1 -1 
(146, 18) -1 -1 -1 
(146, 25) -1 -1 -1 
(146, 26) -1 -1 -1 
(146, 32) -1 -1 -1 
(146, 40) -1 -1 -1 
(146, 41) -1 -1 -1 
(146, 42) -1 -1 -1 
(146, 46) -1 -1 -1 
(146, 47) -1 -1 -1 
(146, 48) -1 -1 -1 
(146, 54) -1 -1 -1 
(146, 61) -1 -1 -1 
(146, 69) -1 -1 -1 
(146, 70) -1 -1 -1 
(146, 71) -1 -1 -1 
(146, 77) -1 -1 -1 
(146, 78) -1 -1 -1 
(146, 100) -1 -1 -1 
(146, 101) -1 -1 -1 
(146, 102) -1 -1 -1 
(146, 108) -1 -1 -1 
(146, 115) -1 -1 -1 
(146, 138) -1 -1 -1 
(146, 146) -1 -1 -1 
(146, 168) -1 -1 -1 
(147, 7) -1 -1 -1 
(147, 8) -1 -1 -1 
(147, 9) -1 -1 -1 
(147, 10) -1 -1 -1 
(147, 11) -1 -1 -1 
(147, 12) -1 -1 -1 
(147, 13) -1 -1 -1 
(147, 15) -1 -1 -1 
(147, 16) -1 -1 -1 
(147, 17) -1 -1 -1 
(147, 18) -1 -1 -1 
(147, 19) -1 -1 -1 
(147, 24) -1 -1 -1 
(147, 25) -1 -1 -1 
(147, 26) -1 -1 -1 
(147, 32) -1 -1 -1 
(147, 45) -1 -1 -1 
(147, 46) -1 -1 -1 
(147, 47) -1 -1 -1 
(147, 48) -1 -1 -1 
(147, 53) -1 -1 -1 
(147, 54) -1 -1 -1 
(147, 61) -1 -1 -1 
(147, 76) -1 -1 -1 
(147, 77) -1 -1 -1 
(147, 78) -1 -1 -1 
(147, 84) -1 -1 -1 
(147, 85) -1 -1 -1 
(147, 102) -1 -1 -1 
(147, 107) -1 -1 -1 
(147, 108) -1 -1 -1 
(147, 115) -1 -1 -1 
(147, 130) -1 -1 -1 
(147, 136) -1 -1 -1 
(147, 146) -1 -1 -1 
(147, 168) -1 -1 -1 
(148, 7) -1 -1 -1 
(148, 8) -1 -1 -1 
(148, 9) -1 -1 -1 
(148, 10) -1 -1 -1 
(148, 11) -1 -1 -1 
(148, 12) -1 -1 -1 
(148, 14) -1 -1 -1 
(148, 15) -1 -1 -1 
(148, 16) -1 -1 -1 
(148, 17) -1 -1 -1 
(148, 18) -1 -1 -1 
(148, 19) -1 -1 -1 
(148, 24) -1 -1 -1 
(148, 25) -1 -1 -1 
(148, 26) -1 -1 -1 
(148, 31) -1 -1 -1 
(148, 32) -1 -1 -1 
(148, 37) -1 -1 -1 
(148, 53) -1 -1 -1 
(148, 54) -1 -1 -1 
(148, 55) -1 -1 -1 
(148, 60) -1 -1 -1 
(148, 61) -1 -1 -1 
(148, 68) -1 -1 -1 
(148, 78) -1 -1 -1 
(148, 84) -1 -1 -1 
(148, 85) -1 -1 -1 
(148, 91) -1 -1 -1 
(148, 107) -1 -1 -1 
(148, 108) -1 -1 -1 
(148, 109) -1 -1 -1 
(148, 115) -1 -1 -1 
(148, 122) -1 -1 -1 
(148, 130) -1 -1 -1 
(148, 145) -1 -1 -1 
(148, 153) -1 -1 -1 
(149, 6) -1 -1 -1 
(149, 7) -1 -1 -1 
(149, 8) -1 -1 -1 
(149, 9) -1 -1 -1 
(149, 10) -1 -1 -1 
(149, 11) -1 -1 -1 
(149, 14) -1 -1 -1 
(149, 15) -1 -1 -1 
(149, 16) -1 -1 -1 
(149, 17) -1 -1 -1 
(149, 18) -1 -1 -1 
(149, 19) -1 -1 -1 
(149, 23) -1 -1 -1 
(149, 24) -1 -1 -1 
(149, 25) -1 -1 -1 
(149, 26) -1 -1 -1 
(149, 27) -1 -1 -1 
(149, 30) -1 -1 -1 
(149, 31) -1 -1 -1 
(149, 32) -1 -1 -1 
(149, 33) -1 -1 -1 
(149, 36) -1 -1 -1 
(149, 37) -1 -1 -1 
(149, 38) -1 -1 -1 
(149, 44) -1 -1 -1 
(149, 54) -1 -1 -1 
(149, 55) -1 -1 -1 
(149, 60) -1 -1 -1 
(149, 61) -1 -1 -1 
(149, 68) -1 -1 -1 
(149, 75) -1 -1 -1 
(149, 83) -1 -1 -1 
(149, 84) -1 -1 -1 
(149, 85) -1 -1 -1 
(149, 91) -1 -1 -1 
(149, 92) -1 -1 -1 
(149, 114) -1 -1 -1 
(149, 115) -1 -1 -1 
(149, 122) -1 -1 -1 
(149, 130) -1 -1 -1 
(149, 137) -1 -1 -1 
(149, 153) -1 -1 -1 
(150, 6) -1 -1 -1 
(150, 7) -1 -1 -1 
(150, 8) -1 -1 -1 
(150, 9) -1 -1 -1 
(150, 10) -1 -1 -1 
(150, 11) -1 -1 -1 
(150, 13) -1 -1 -1 
(150, 14) -1 -1 -1 
(150, 15) -1 -1 -1 
(150, 16) -1 -1 -1 
(150, 17) -1 -1 -1 
(150, 18) -1 -1 -1 
(150, 19) -1 -1 -1 
(150, 20) -1 -1 -1 
(150, 22) -1 -1 -1 
(150, 23) -1 -1 -1 
(150, 24) -1 -1 -1 
(150, 25) -1 -1 -1 
(150, 26) -1 -1 -1 
(150, 27) -1 -1 -1 
(150, 30) -1 -1 -1 
(150, 31) -1 -1 -1 
(150, 32) -1 -1 -1 
(150, 33) -1 -1 -1 
(150, 36) -1 -1 -1 
(150, 37) -1 -1 -1 
(150, 38) -1 -1 -1 
(150, 44) -1 -1 -1 
(150, 51) -1 -1 -1 
(150, 59) -1 -1 -1 
(150, 60) -1 -1 -1 
(150, 61) -1 -1 -1 
(150, 62) -1 -1 -1 
(150, 67) -1 -1 -1 
(150, 68) -1 -1 -1 
(150, 75) -1 -1 -1 
(150, 90) -1 -1 -1 
(150, 91) -1 -1 -1 
(150, 92) -1 -1 -1 
(150, 98) -1 -1 -1 
(150, 121) -1 -1 -1 
(150, 122) -1 -1 -1 
(150, 129) -1 -1 -1 
(150, 130) -1 -1 -1 
(150, 137) -1 -1 -1 
(150, 160) -1 -1 -1 
(150, 167) -1 -1 -1 
(151, 5) -1 -1 -1 
(151, 6) -1 -1 -1 
(151, 7) -1 -1 -1 
(151, 8) -1 -1 -1 
(151, 9) -1 -1 -1 
(151, 10) -1 -1 -1 
(151, 13) -1 -1 -1 
(151, 14) -1 -1 -1 
(151, 15) -1 -1 -1 
(151, 16) -1 -1 -1 
(151, 17) -1 -1 -1 
(151, 18) -1 -1 -1 
(151, 19) -1 -1 -1 
(151, 22) -1 -1 -1 
(151, 23) -1 -1 -1 
(151, 24) -1 -1 -1 
(151, 25) -1 -1 -1 
(151, 26) -1 -1 -1 
(151, 27) -1 -1 -1 
(151, 29) -1 -1 -1 
(151, 30) -1 -1 -1 
(151, 31) -1 -1 -1 
(151, 32) -1 -1 -1 
(151, 33) -1 -1 -1 
(151, 35) -1 -1 -1 
(151, 36) -1 -1 -1 
(151, 37) -1 -1 -1 
(151, 38) -1 -1 -1 
(151, 43) -1 -1 -1 
(151, 44) -1 -1 -1 
(151, 51) -1 -1 -1 
(151, 66) -1 -1 -1 
(151, 67) -1 -1 -1 
(151, 68) -1 -1 -1 
(151, 74) -1 -1 -1 
(151, 75) -1 -1 -1 
(151, 82) -1 -1 -1 
(151, 98) -1 -1 -1 
(151, 99) -1 -1 -1 
(151, 105) -1 -1 -1 
(151, 106) -1 -1 -1 
(151, 113) -1 -1 -1 
(151, 122) -1 -1 -1 
(151, 129) -1 -1 -1 
(151, 137) -1 -1 -1 
(151, 160) -1 -1 -1 
(151, 167) -1 -1 -1 
(152, 5) -1 -1 -1 
(152, 6) -1 -1 -1 
(152, 7) -1 -1 -1 
(152, 8) -1 -1 -1 
(152, 9) -1 -1 -1 
(152, 10) -1 -1 -1 
(152, 12) -1 -1 -1 
(152, 13) -1 -1 -1 
(152, 14) -1 -1 -1 
(152, 15) -1 -1 -1 
(152, 16) -1 -1 -1 
(152, 17) -1 -1 -1 
(152, 18) -1 -1 -1 
(152, 19) -1 -1 -1 
(152, 21) -1 -1 -1 
(152, 22) -1 -1 -1 
(152, 23) -1 -1 -1 
(152, 24) -1 -1 -1 
(152, 25) -1 -1 -1 
(152, 26) -1 -1 -1 
(152, 28) -1 -1 -1 
(152, 29) -1 -1 -1 
(152, 30) -1 -1 -1 
(152, 31) -1 -1 -1 
(152, 32) -1 -1 -1 
(152, 34) -1 -1 -1 
(152, 35) -1 -1 -1 
(152, 36) -1 -1 -1 
(152, 37) -1 -1 -1 
(152, 38) -1 -1 -1 
(152, 42) -1 -1 -1 
(152, 43) -1 -1 -1 
(152, 44) -1 -1 -1 
(152, 45) -1 -1 -1 
(152, 50) -1 -1 -1 
(152, 51) -1 -1 -1 
(152, 58) -1 -1 -1 
(152, 74) -1 -1 -1 
(152, 75) -1 -1 -1 
(152, 82) -1 -1 -1 
(152, 89) -1 -1 -1 
(152, 98) -1 -1 -1 
(152, 99) -1 -1 -1 
(152, 105) -1 -1 -1 
(152, 106) -1 -1 -1 
(152, 113) -1 -1 -1 
(152, 129) -1 -1 -1 
(152, 136) -1 -1 -1 
(152, 137) -1 -1 -1 
(152, 144) -1 -1 -1 
(153, 4) 1 1 1 
(153, 5) -1 -1 -1 
(153, 6) -1 -1 -1 
(153, 7) -1 -1 -1 
(153, 8) -1 -1 -1 
(153, 9) -1 -1 -1 
(153, 10) -1 -1 -1 
(153, 12) -1 -1 -1 
(153, 13) -1 -1 -1 
(153, 14) -1 -1 -1 
(153, 15) -1 -1 -1 
(153, 16) -1 -1 -1 
(153, 17) -1 -1 -1 
(153, 18) -1 -1 -1 
(153, 21) -1 -1 -1 
(153, 22) -1 -1 -1 
(153, 23) -1 -1 -1 
(153, 24) -1 -1 -1 
(153, 25) -1 -1 -1 
(153, 28) -1 -1 -1 
(153, 29) -1 -1 -1 
(153, 30) -1 -1 -1 
(153, 31) -1 -1 -1 
(153, 34) -1 -1 -1 
(153, 35) -1 -1 -1 
(153, 36) -1 -1 -1 
(153, 37) -1 -1 -1 
(153, 38) -1 -1 -1 
(153, 39) -1 -1 -1 
(153, 42) -1 -1 -1 
(153, 43) -1 -1 -1 
(153, 44) -1 -1 -1 
(153, 45) -1 -1 -1 
(153, 50) -1 -1 -1 
(153, 51) -1 -1 -1 
(153, 57) -1 -1 -1 
(153, 58) -1 -1 -1 
(153, 65) -1 -1 -1 
(153, 74) -1 -1 -1 
(153, 75) -1 -1 -1 
(153, 81) -1 -1 -1 
(153, 82) -1 -1 -1 
(153, 89) -1 -1 -1 
(153, 105) -1 -1 -1 
(153, 106) -1 -1 -1 
(153, 112) -1 -1 -1 
(153, 113) -1 -1 -1 
(153, 120) -1 -1 -1 
(153, 136) -1 -1 -1 
(153, 137) -1 -1 -1 
(153, 144) -1 -1 -1 
(154, 6) -1 -1 -1 
(154, 7) -1 -1 -1 
(154, 8) -1 -1 -1 
(154, 9) -1 -1 -1 
(154, 10) -1 -1 -1 
(154, 12) -1 -1 -1 
(154, 13) -1 -1 -1 
(154, 14) -1 -1 -1 
(154, 15) -1 -1 -1 
(154, 16) -1 -1 -1 
(154, 17) -1 -1 -1 
(154, 18) -1 -1 -1 
(154, 20) -1 -1 -1 
(154, 21) -1 -1 -1 
(154, 22) -1 -1 -1 
(154, 23) -1 -1 -1 
(154, 24) -1 -1 -1 
(154, 25) -1 -1 -1 
(154, 27) -1 -1 -1 
(154, 28) -1 -1 -1 
(154, 29) -1 -1 -1 
(154, 30) -1 -1 -1 
(154, 31) -1 -1 -1 
(154, 33) -1 -1 -1 
(154, 34) -1 -1 -1 
(154, 35) -1 -1 -1 
(154, 36) -1 -1 -1 
(154, 37) -1 -1 -1 
(154, 38) -1 -1 -1 
(154, 39) -1 -1 -1 
(154, 41) -1 -1 -1 
(154, 42) -1 -1 -1 
(154, 43) -1 -1 -1 
(154, 44) -1 -1 -1 
(154, 45) -1 -1 -1 
(154, 49) -1 -1 -1 
(154, 50) -1 -1 -1 
(154, 51) -1 -1 -1 
(154, 52) -1 -1 -1 
(154, 57) -1 -1 -1 
(154, 58) -1 -1 -1 
(154, 65) -1 -1 -1 
(154, 81) -1 -1 -1 
(154, 82) -1 -1 -1 
(154, 88) -1 -1 -1 
(154, 89) -1 -1 -1 
(154, 96) -1 -1 -1 
(154, 112) -1 -1 -1 
(154, 113) -1 -1 -1 
(154, 120) -1 -1 -1 
(154, 137) -1 -1 -1 
(154, 144) -1 -1 -1 
(154, 159) -1 -1 -1 
(154, 166) -1 -1 -1 
(155, 6) -1 -1 -1 
(155, 7) -1 -1 -1 
(155, 8) -1 -1 -1 
(155, 9) -1 -1 -1 
(155, 10) -1 -1 -1 
(155, 11) 1 1 1 
(155, 12) -1 -1 -1 
(155, 13) -1 -1 -1 
(155, 14) -1 -1 -1 
(155, 15) -1 -1 -1 
(155, 16) -1 -1 -1 
(155, 17) -1 -1 -1 
(155, 18) -1 -1 -1 
(155, 19) 1 1 1 
(155, 20) -1 -1 -1 
(155, 21) -1 -1 -1 
(155, 22) -1 -1 -1 
(155, 23) -1 -1 -1 
(155, 24) -1 -1 -1 
(155, 25) -1 -1 -1 
(155, 27) -1 -1 -1 
(155, 28) -1 -1 -1 
(155, 29) -1 -1 -1 
(155, 30) -1 -1 -1 
(155, 33) -1 -1 -1 
(155, 34) -1 -1 -1 
(155, 35) -1 -1 -1 
(155, 36) -1 -1 -1 
(155, 37) -1 -1 -1 
(155, 38) -1 -1 -1 
(155, 40) -1 -1 -1 
(155, 41) -1 -1 -1 
(155, 42) -1 -1 -1 
(155, 43) -1 -1 -1 
(155, 44) -1 -1 -1 
(155, 45) -1 -1 -1 
(155, 46) -1 -1 -1 
(155, 48) -1 -1 -1 
(155, 49) -1 -1 -1 
(155, 50) -1 -1 -1 
(155, 51) -1 -1 -1 
(155, 52) -1 -1 -1 
(155, 56) -1 -1 -1 
(155, 57) -1 -1 -1 
(155, 58) -1 -1 -1 
(155, 64) -1 -1 -1 
(155, 65) -1 -1 -1 
(155, 72) -1 -1 -1 
(155, 88) -1 -1 -1 
(155, 89) -1 -1 -1 
(155, 96) -1 -1 -1 
(155, 113) -1 -1 -1 
(155, 120) -1 -1 -1 
(155, 127) -1 -1 -1 
(155, 143) -1 -1 -1 
(155, 144) -1 -1 -1 
(155, 151) -1 -1 -1 
(155, 159) -1 -1 -1 
(156, 7) -1 -1 -1 
(156, 8) -1 -1 -1 
(156, 9) -1 -1 -1 
(156, 10) -1 -1 -1 
(156, 12) -1 -1 -1 
(156, 13) -1 -1 -1 
(156, 14) -1 -1 -1 
(156, 15) -1 -1 -1 
(156, 16) -1 -1 -1 
(156, 17) -1 -1 -1 
(156, 18) -1 -1 -1 
(156, 20) -1 -1 -1 
(156, 21) -1 -1 -1 
(156, 22) -1 -1 -1 
(156, 23) -1 -1 -1 
(156, 24) -1 -1 -1 
(156, 27) -1 -1 -1 
(156, 28) -1 -1 -1 
(156, 29) -1 -1 -1 
(156, 30) -1 -1 -1 
(156, 32) -1 -1 -1 
(156, 33) -1 -1 -1 
(156, 34) -1 -1 -1 
(156, 35) -1 -1 -1 
(156, 36) -1 -1 -1 
(156, 37) -1 -1 -1 
(156, 40) -1 -1 -1 
(156, 41) -1 -1 -1 
(156, 42) -1 -1 -1 
(156, 43) -1 -1 -1 
(156, 44) -1 -1 -1 
(156, 45) -1 -1 -1 
(156, 48) -1 -1 -1 
(156, 49) -1 -1 -1 
(156, 50) -1 -1 -1 
(156, 51) -1 -1 -1 
(156, 52) -1 -1 -1 
(156, 56) -1 -1 -1 
(156, 57) -1 -1 -1 
(156, 58) -1 -1 -1 
(156, 59) -1 -1 -1 
(156, 64) -1 -1 -1 
(156, 65) -1 -1 -1 
(156, 72) -1 -1 -1 
(156, 79) -1 -1 -1 
(156, 88) -1 -1 -1 
(156, 89) -1 -1 -1 
(156, 95) -1 -1 -1 
(156, 96) -1 -1 -1 
(156, 103) -1 -1 -1 
(156, 119) -1 -1 -1 
(156, 120) -1 -1 -1 
(156, 127) -1 -1 -1 
(156, 151) -1 -1 -1 
(157, 7) -1 -1 -1 
(157, 8) -1 -1 -1 
(157, 9) -1 -1 -1 
(157, 10) -1 -1 -1 
(157, 11) -1 -1 -1 
(157, 13) -1 -1 -1 
(157, 14) -1 -1 -1 
(157, 15) -1 -1 -1 
(157, 16) -1 -1 -1 
(157, 17) -1 -1 -1 
(157, 18) -1 -1 -1 
(157, 20) -1 -1 -1 
(157, 21) -1 -1 -1 
(157, 22) -1 -1 -1 
(157, 23) -1 -1 -1 
(157, 24) -1 -1 -1 
(157, 25) 1 1 1 
(157, 27) -1 -1 -1 
(157, 28) -1 -1 -1 
(157, 29) -1 -1 -1 
(157, 30) -1 -1 -1 
(157, 32) -1 -1 -1 
(157, 33) -1 -1 -1 
(157, 34) -1 -1 -1 
(157, 35) -1 -1 -1 
(157, 36) -1 -1 -1 
(157, 37) -1 -1 -1 
(157, 40) -1 -1 -1 
(157, 41) -1 -1 -1 
(157, 42) -1 -1 -1 
(157, 43) -1 -1 -1 
(157, 44) -1 -1 -1 
(157, 45) -1 -1 -1 
(157, 47) -1 -1 -1 
(157, 48) -1 -1 -1 
(157, 49) -1 -1 -1 
(157, 50) -1 -1 -1 
(157, 51) -1 -1 -1 
(157, 52) -1 -1 -1 
(157, 55) -1 -1 -1 
(157, 56) -1 -1 -1 
(157, 57) -1 -1 -1 
(157, 58) -1 -1 -1 
(157, 59) -1 -1 -1 
(157, 63) -1 -1 -1 
(157, 64) -1 -1 -1 
(157, 65) -1 -1 -1 
(157, 71) -1 -1 -1 
(157, 72) -1 -1 -1 
(157, 79) -1 -1 -1 
(157, 95) -1 -1 -1 
(157, 96) -1 -1 -1 
(157, 103) -1 -1 -1 
(157, 127) -1 -1 -1 
(158, 8) -1 -1 -1 
(158, 9) -1 -1 -1 
(158, 10) -1 -1 -1 
(158, 11) -1 -1 -1 
(158, 14) -1 -1 -1 
(158, 15) -1 -1 -1 
(158, 16) -1 -1 -1 
(158, 17) -1 -1 -1 
(158, 18) -1 -1 -1 
(158, 19) -1 -1 -1 
(158, 21) -1 -1 -1 
(158, 22) -1 -1 -1 
(158, 23) -1 -1 -1 
(158, 24) -1 -1 -1 
(158, 25) 1 1 1 
(158, 26) -1 -1 -1 
(158, 27) -1 -1 -1 
(158, 28) -1 -1 -1 
(158, 29) -1 -1 -1 
(158, 30) -1 -1 -1 
(158, 31) 1 1 1 
(158, 32) -1 -1 -1 
(158, 33) -1 -1 -1 
(158, 34) -1 -1 -1 
(158, 35) -1 -1 -1 
(158, 36) -1 -1 -1 
(158, 37) -1 -1 -1 
(158, 39) -1 -1 -1 
(158, 40) -1 -1 -1 
(158, 41) -1 -1 -1 
(158, 42) -1 -1 -1 
(158, 43) -1 -1 -1 
(158, 44) -1 -1 -1 
(158, 47) -1 -1 -1 
(158, 48) -1 -1 -1 
(158, 49) -1 -1 -1 
(158, 50) -1 -1 -1 
(158, 51) -1 -1 -1 
(158, 52) -1 -1 -1 
(158, 55) -1 -1 -1 
(158, 56) -1 -1 -1 
(158, 57) -1 -1 -1 
(158, 58) -1 -1 -1 
(158, 59) -1 -1 -1 
(158, 62) -1 -1 -1 
(158, 63) -1 -1 -1 
(158, 64) -1 -1 -1 
(158, 65) -1 -1 -1 
(158, 66) -1 -1 -1 
(158, 70) -1 -1 -1 
(158, 71) -1 -1 -1 
(158, 72) -1 -1 -1 
(158, 78) -1 -1 -1 
(158, 79) -1 -1 -1 
(158, 86) -1 -1 -1 
(158, 102) -1 -1 -1 
(158, 103) -1 -1 -1 
(158, 110) -1 -1 -1 
(158, 118) -1 -1 -1 
(158, 134) -1 -1 -1 
(158, 142) -1 -1 -1 
(158, 158) -1 -1 -1 
(159, 8) -1 -1 -1 
(159, 9) -1 -1 -1 
(159, 10) -1 -1 -1 
(159, 11) -1 -1 -1 
(159, 12) -1 -1 -1 
(159, 14) -1 -1 -1 
(159, 15) -1 -1 -1 
(159, 16) -1 -1 -1 
(159, 17) -1 -1 -1 
(159, 18) -1 -1 -1 
(159, 19) -1 -1 -1 
(159, 21) -1 -1 -1 
(159, 22) -1 -1 -1 
(159, 23) -1 -1 -1 
(159, 24) -1 -1 -1 
(159, 25) -1 -1 -1 
(159, 27) -1 -1 -1 
(159, 28) -1 -1 -1 
(159, 29) -1 -1 -1 
(159, 30) -1 -1 -1 
(159, 32) -1 -1 -1 
(159, 33) -1 -1 -1 
(159, 34) -1 -1 -1 
(159, 35) -1 -1 -1 
(159, 36) -1 -1 -1 
(159, 37) -1 -1 -1 
(159, 39) -1 -1 -1 
(159, 40) -1 -1 -1 
(159, 41) -1 -1 -1 
(159, 42) -1 -1 -1 
(159, 43) -1 -1 -1 
(159, 44) -1 -1 -1 
(159, 46) -1 -1 -1 
(159, 47) -1 -1 -1 
(159, 48) -1 -1 -1 
(159, 49) -1 -1 -1 
(159, 50) -1 -1 -1 
(159, 51) -1 -1 -1 
(159, 52) -1 -1 -1 
(159, 54) -1 -1 -1 
(159, 55) -1 -1 -1 
(159, 56) -1 -1 -1 
(159, 57) -1 -1 -1 
(159, 58) -1 -1 -1 
(159, 59) -1 -1 -1 
(159, 62) -1 -1 -1 
(159, 63) -1 -1 -1 
(159, 64) -1 -1 -1 
(159, 65) -1 -1 -1 
(159, 66) -1 -1 -1 
(159, 70) -1 -1 -1 
(159, 71) -1 -1 -1 
(159, 72) -1 -1 -1 
(159, 73) -1 -1 -1 
(159, 78) -1 -1 -1 
(159, 79) -1 -1 -1 
(159, 86) -1 -1 -1 
(159, 103) -1 -1 -1 
(159, 110) -1 -1 -1 
(159, 118) -1 -1 -1 
(159, 134) -1 -1 -1 
(159, 142) -1 -1 -1 
(159, 165) -1 -1 -1 
(159, 173) -1 -1 -1 
(160, 9) -1 -1 -1 
(160, 10) -1 -1 -1 
(160, 11) -1 -1 -1 
(160, 12) -1 -1 -1 
(160, 13) -1 -1 -1 
(160, 15) -1 -1 -1 
(160, 16) -1 -1 -1 
(160, 17) -1 -1 -1 
(160, 18) -1 -1 -1 
(160, 19) -1 -1 -1 
(160, 20) -1 -1 -1 
(160, 22) -1 -1 -1 
(160, 23) -1 -1 -1 
(160, 24) -1 -1 -1 
(160, 25) -1 -1 -1 
(160, 27) -1 -1 -1 
(160, 28) -1 -1 -1 
(160, 29) -1 -1 -1 
(160, 30) -1 -1 -1 
(160, 32) -1 -1 -1 
(160, 33) -1 -1 -1 
(160, 34) -1 -1 -1 
(160, 35) -1 -1 -1 
(160, 36) -1 -1 -1 
(160, 37) -1 -1 -1 
(160, 39) -1 -1 -1 
(160, 40) -1 -1 -1 
(160, 41) -1 -1 -1 
(160, 42) -1 -1 -1 
(160, 43) -1 -1 -1 
(160, 44) -1 -1 -1 
(160, 46) -1 -1 -1 
(160, 47) -1 -1 -1 
(160, 48) -1 -1 -1 
(160, 49) -1 -1 -1 
(160, 50) -1 -1 -1 
(160, 51) -1 -1 -1 
(160, 54) -1 -1 -1 
(160, 55) -1 -1 -1 
(160, 56) -1 -1 -1 
(160, 57) -1 -1 -1 
(160, 58) -1 -1 -1 
(160, 59) -1 -1 -1 
(160, 61) -1 -1 -1 
(160, 62) -1 -1 -1 
(160, 63) -1 -1 -1 
(160, 64) -1 -1 -1 
(160, 65) -1 -1 -1 
(160, 66) -1 -1 -1 
(160, 69) -1 -1 -1 
(160, 70) -1 -1 -1 
(160, 71) -1 -1 -1 
(160, 72) -1 -1 -1 
(160, 73) -1 -1 -1 
(160, 77) -1 -1 -1 
(160, 78) -1 -1 -1 
(160, 79) -1 -1 -1 
(160, 86) -1 -1 -1 
(160, 110) -1 -1 -1 
(160, 111) -1 -1 -1 
(160, 118) -1 -1 -1 
(160, 142) -1 -1 -1 
(161, 9) -1 -1 -1 
(161, 10) -1 -1 -1 
(161, 11) -1 -1 -1 
(161, 12) -1 -1 -1 
(161, 13) -1 -1 -1 
(161, 15) -1 -1 -1 
(161, 16) -1 -1 -1 
(161, 17) -1 -1 -1 
(161, 18) -1 -1 -1 
(161, 19) -1 -1 -1 
(161, 20) -1 -1 -1 
(161, 22) -1 -1 -1 
(161, 23) -1 -1 -1 
(161, 24) -1 -1 -1 
(161, 25) -1 -1 -1 
(161, 26) -1 -1 -1 
(161, 28) -1 -1 -1 
(161, 29) -1 -1 -1 
(161, 30) -1 -1 -1 
(161, 31) -1 -1 -1 
(161, 33) -1 -1 -1 
(161, 34) -1 -1 -1 
(161, 35) -1 -1 -1 
(161, 36) -1 -1 -1 
(161, 37) -1 -1 -1 
(161, 39) -1 -1 -1 
(161, 40) -1 -1 -1 
(161, 41) -1 -1 -1 
(161, 42) -1 -1 -1 
(161, 43) -1 -1 -1 
(161, 44) -1 -1 -1 
(161, 46) -1 -1 -1 
(161, 47) -1 -1 -1 
(161, 48) -1 -1 -1 
(161, 49) -1 -1 -1 
(161, 50) -1 -1 -1 
(161, 51) -1 -1 -1 
(161, 53) -1 -1 -1 
(161, 54) -1 -1 -1 
(161, 55) -1 -1 -1 
(161, 56) -1 -1 -1 
(161, 57) -1 -1 -1 
(161, 58) -1 -1 -1 
(161, 59) -1 -1 -1 
(161, 61) -1 -1 -1 
(161, 62) -1 -1 -1 
(161, 63) -1 -1 -1 
(161, 64) -1 -1 -1 
(161, 65) -1 -1 -1 
(161, 66) -1 -1 -1 
(161, 69) -1 -1 -1 
(161, 70) -1 -1 -1 
(161, 71) -1 -1 -1 
(161, 72) -1 -1 -1 
(161, 73) -1 -1 -1 
(161, 77) -1 -1 -1 
(161, 78) -1 -1 -1 
(161, 79) -1 -1 -1 
(161, 80) -1 -1 -1 
(161, 85) -1 -1 -1 
(161, 86) -1 -1 -1 
(161, 87) -1 -1 -1 
(161, 93) -1 -1 -1 
(161, 94) -1 -1 -1 
(161, 101) -1 -1 -1 
(161, 117) -1 -1 -1 
(161, 118) -1 -1 -1 
(161, 125) -1 -1 -1 
(161, 133) -1 -1 -1 
(162, 10) -1 -1 -1 
(162, 11) -1 -1 -1 
(162, 12) -1 -1 -1 
(162, 13) -1 -1 -1 
(162, 14) -1 -1 -1 
(162, 16) -1 -1 -1 
(162, 17) -1 -1 -1 
(162, 18) -1 -1 -1 
(162, 19) -1 -1 -1 
(162, 20) -1 -1 -1 
(162, 21) -1 -1 -1 
(162, 23) -1 -1 -1 
(162, 24) -1 -1 -1 
(162, 25) -1 -1 -1 
(162, 26) -1 -1 -1 
(162, 28) -1 -1 -1 
(162, 29) -1 -1 -1 
(162, 30) -1 -1 -1 
(162, 31) -1 -1 -1 
(162, 33) -1 -1 -1 
(162, 34) -1 -1 -1 
(162, 35) -1 -1 -1 
(162, 36) -1 -1 -1 
(162, 37) -1 -1 -1 
(162, 39) -1 -1 -1 
(162, 40) -1 -1 -1 
(162, 41) -1 -1 -1 
(162, 42) -1 -1 -1 
(162, 43) -1 -1 -1 
(162, 44) -1 -1 -1 
(162, 46) -1 -1 -1 
(162, 47) -1 -1 -1 
(162, 48) -1 -1 -1 
(162, 49) -1 -1 -1 
(162, 50) -1 -1 -1 
(162, 51) -1 -1 -1 
(162, 53) -1 -1 -1 
(162, 54) -1 -1 -1 
(162, 55) -1 -1 -1 
(162, 56) -1 -1 -1 
(162, 57) -1 -1 -1 
(162, 58) -1 -1 -1 
(162, 61) -1 -1 -1 
(162, 62) -1 -1 -1 
(162, 63) -1 -1 -1 
(162, 64) -1 -1 -1 
(162, 65) -1 -1 -1 
(162, 66) -1 -1 -1 
(162, 68) -1 -1 -1 
(162, 69) -1 -1 -1 
(162, 70) -1 -1 -1 
(162, 71) -1 -1 -1 
(162, 72) -1 -1 -1 
(162, 73) -1 -1 -1 
(162, 76) -1 -1 -1 
(162, 77) -1 -1 -1 
(162, 78) -1 -1 -1 
(162, 79) -1 -1 -1 
(162, 80) -1 -1 -1 
(162, 85) -1 -1 -1 
(162, 86) -1 -1 -1 
(162, 87) -1 -1 -1 
(162, 93) -1 -1 -1 
(162, 94) -1 -1 -1 
(162, 101) -1 -1 -1 
(162, 117) -1 -1 -1 
(162, 118) -1 -1 -1 
(162, 125) -1 -1 -1 
(162, 133) -1 -1 -1 
(162, 149) -1 -1 -1 
(162, 157) -1 -1 -1 
(163, 11) -1 -1 -1 
(163, 12) -1 -1 -1 
(163, 13) -1 -1 -1 
(163, 14) -1 -1 -1 
(163, 16) -1 -1 -1 
(163, 17) -1 -1 -1 
(163, 18) -1 -1 -1 
(163, 19) -1 -1 -1 
(163, 20) -1 -1 -1 
(163, 21) -1 -1 -1 
(163, 23) -1 -1 -1 
(163, 24) -1 -1 -1 
(163, 25) -1 -1 -1 
(163, 26) -1 -1 -1 
(163, 27) -1 -1 -1 
(163, 29) -1 -1 -1 
(163, 30) -1 -1 -1 
(163, 31) -1 -1 -1 
(163, 32) -1 -1 -1 
(163, 34) -1 -1 -1 
(163, 35) -1 -1 -1 
(163, 36) -1 -1 -1 
(163, 37) -1 -1 -1 
(163, 38) -1 -1 -1 
(163, 40) -1 -1 -1 
(163, 41) -1 -1 -1 
(163, 42) -1 -1 -1 
(163, 43) -1 -1 -1 
(163, 44) -1 -1 -1 
(163, 46) -1 -1 -1 
(163, 47) -1 -1 -1 
(163, 48) -1 -1 -1 
(163, 49) -1 -1 -1 
(163, 50) -1 -1 -1 
(163, 51) -1 -1 -1 
(163, 52) 1 1 1 
(163, 53) -1 -1 -1 
(163, 54) -1 -1 -1 
(163, 55) -1 -1 -1 
(163, 56) -1 -1 -1 
(163, 57) -1 -1 -1 
(163, 58) -1 -1 -1 
(163, 60) -1 -1 -1 
(163, 61) -1 -1 -1 
(163, 62) -1 -1 -1 
(163, 63) -1 -1 -1 
(163, 64) -1 -1 -1 
(163, 65) -1 -1 -1 
(163, 66) -1 -1 -1 
(163, 68) -1 -1 -1 
(163, 69) -1 -1 -1 
(163, 70) -1 -1 -1 
(163, 71) -1 -1 -1 
(163, 72) -1 -1 -1 
(163, 73) -1 -1 -1 
(163, 76) -1 -1 -1 
(163, 77) -1 -1 -1 
(163, 78) -1 -1 -1 
(163, 79) -1 -1 -1 
(163, 80) -1 -1 -1 
(163, 84) -1 -1 -1 
(163, 85) -1 -1 -1 
(163, 86) -1 -1 -1 
(163, 87) -1 -1 -1 
(163, 92) -1 -1 -1 
(163, 93) -1 -1 -1 
(163, 94) -1 -1 -1 
(163, 100) -1 -1 -1 
(163, 101) -1 -1 -1 
(163, 108) -1 -1 -1 
(163, 125) -1 -1 -1 
(163, 133) -1 -1 -1 
(163, 157) -1 -1 -1 
(163, 164) -1 -1 -1 
(163, 172) -1 -1 -1 
(164, 11) -1 -1 -1 
(164, 12) -1 -1 -1 
(164, 13) -1 -1 -1 
(164, 14) -1 -1 -1 
(164, 15) -1 -1 -1 
(164, 17) -1 -1 -1 
(164, 18) -1 -1 -1 
(164, 19) -1 -1 -1 
(164, 20) -1 -1 -1 
(164, 21) -1 -1 -1 
(164, 22) -1 -1 -1 
(164, 24) -1 -1 -1 
(164, 25) -1 -1 -1 
(164, 26) -1 -1 -1 
(164, 27) -1 -1 -1 
(164, 29) -1 -1 -1 
(164, 30) -1 -1 -1 
(164, 31) -1 -1 -1 
(164, 32) -1 -1 -1 
(164, 34) -1 -1 -1 
(164, 35) -1 -1 -1 
(164, 36) -1 -1 -1 
(164, 37) -1 -1 -1 
(164, 38) -1 -1 -1 
(164, 40) -1 -1 -1 
(164, 41) -1 -1 -1 
(164, 42) -1 -1 -1 
(164, 43) -1 -1 -1 
(164, 44) -1 -1 -1 
(164, 47) -1 -1 -1 
(164, 48) -1 -1 -1 
(164, 49) -1 -1 -1 
(164, 50) -1 -1 -1 
(164, 51) -1 -1 -1 
(164, 53) -1 -1 -1 
(164, 54) -1 -1 -1 
(164, 55) -1 -1 -1 
(164, 56) -1 -1 -1 
(164, 57) -1 -1 -1 
(164, 58) -1 -1 -1 
(164, 60) -1 -1 -1 
(164, 61) -1 -1 -1 
(164, 62) -1 -1 -1 
(164, 63) -1 -1 -1 
(164, 64) -1 -1 -1 
(164, 65) -1 -1 -1 
(164, 68) -1 -1 -1 
(164, 69) -1 -1 -1 
(164, 70) -1 -1 -1 
(164, 71) -1 -1 -1 
(164, 72) -1 -1 -1 
(164, 73) -1 -1 -1 
(164, 76) -1 -1 -1 
(164, 77) -1 -1 -1 
(164, 78) -1 -1 -1 
(164, 79) -1 -1 -1 
(164, 80) -1 -1 -1 
(164, 84) -1 -1 -1 
(164, 85) -1 -1 -1 
(164, 86) -1 -1 -1 
(164, 87) -1 -1 -1 
(164, 92) -1 -1 -1 
(164, 93) -1 -1 -1 
(164, 94) -1 -1 -1 
(164, 100) -1 -1 -1 
(164, 101) -1 -1 -1 
(164, 108) -1 -1 -1 
(164, 116) -1 -1 -1 
(164, 132) -1 -1 -1 
(164, 133) -1 -1 -1 
(164, 157) -1 -1 -1 
(165, 12) -1 -1 -1 
(165, 13) -1 -1 -1 
(165, 14) -1 -1 -1 
(165, 15) -1 -1 -1 
(165, 17) -1 -1 -1 
(165, 18) -1 -1 -1 
(165, 19) -1 -1 -1 
(165, 20) -1 -1 -1 
(165, 21) -1 -1 -1 
(165, 22) -1 -1 -1 
(165, 24) -1 -1 -1 
(165, 25) -1 -1 -1 
(165, 26) -1 -1 -1 
(165, 27) -1 -1 -1 
(165, 30) -1 -1 -1 
(165, 31) -1 -1 -1 
(165, 32) -1 -1 -1 
(165, 35) -1 -1 -1 
(165, 36) -1 -1 -1 
(165, 37) -1 -1 -1 
(165, 38) -1 -1 -1 
(165, 39) -1 -1 -1 
(165, 41) -1 -1 -1 
(165, 42) -1 -1 -1 
(165, 43) -1 -1 -1 
(165, 44) -1 -1 -1 
(165, 45) -1 -1 -1 
(165, 47) -1 -1 -1 
(165, 48) -1 -1 -1 
(165, 49) -1 -1 -1 
(165, 50) -1 -1 -1 
(165, 51) -1 -1 -1 
(165, 53) -1 -1 -1 
(165, 54) -1 -1 -1 
(165, 55) -1 -1 -1 
(165, 56) -1 -1 -1 
(165, 57) -1 -1 -1 
(165, 58) -1 -1 -1 
(165, 60) -1 -1 -1 
(165, 61) -1 -1 -1 
(165, 62) -1 -1 -1 
(165, 63) -1 -1 -1 
(165, 64) -1 -1 -1 
(165, 65) -1 -1 -1 
(165, 68) -1 -1 -1 
(165, 69) -1 -1 -1 
(165, 70) -1 -1 -1 
(165, 71) -1 -1 -1 
(165, 72) -1 -1 -1 
(165, 73) -1 -1 -1 
(165, 75) -1 -1 -1 
(165, 76) -1 -1 -1 
(165, 77) -1 -1 -1 
(165, 78) -1 -1 -1 
(165, 79) -1 -1 -1 
(165, 80) -1 -1 -1 
(165, 83) -1 -1 -1 
(165, 84) -1 -1 -1 
(165, 85) -1 -1 -1 
(165, 86) -1 -1 -1 
(165, 87) -1 -1 -1 
(165, 91) -1 -1 -1 
(165, 92) -1 -1 -1 
(165, 93) -1 -1 -1 
(165, 94) -1 -1 -1 
(165, 99) -1 -1 -1 
(165, 100) -1 -1 -1 
(165, 101) -1 -1 -1 
(165, 108) -1 -1 -1 
(165, 116) -1 -1 -1 
(165, 132) -1 -1 -1 
(165, 133) -1 -1 -1 
(165, 140) -1 -1 -1 
(165, 148) -1 -1 -1 
(166, 12) -1 -1 -1 
(166, 13) -1 -1 -1 
(166, 14) -1 -1 -1 
(166, 15) -1 -1 -1 
(166, 16) -1 -1 -1 
(166, 18) -1 -1 -1 
(166, 19) -1 -1 -1 
(166, 20) -1 -1 -1 
(166, 21) -1 -1 -1 
(166, 22) -1 -1 -1 
(166, 23) -1 -1 -1 
(166, 25) -1 -1 -1 
(166, 26) -1 -1 -1 
(166, 30) -1 -1 -1 
(166, 31) -1 -1 -1 
(166, 32) -1 -1 -1 
(166, 33) -1 -1 -1 
(166, 35) -1 -1 -1 
(166, 36) -1 -1 -1 
(166, 37) -1 -1 -1 
(166, 38) -1 -1 -1 
(166, 39) -1 -1 -1 
(166, 41) -1 -1 -1 
(166, 42) -1 -1 -1 
(166, 43) -1 -1 -1 
(166, 44) -1 -1 -1 
(166, 45) -1 -1 -1 
(166, 47) -1 -1 -1 
(166, 48) -1 -1 -1 
(166, 49) -1 -1 -1 
(166, 50) -1 -1 -1 
(166, 51) -1 -1 -1 
(166, 52) -1 -1 -1 
(166, 54) -1 -1 -1 
(166, 55) -1 -1 -1 
(166, 56) -1 -1 -1 
(166, 57) -1 -1 -1 
(166, 58) -1 -1 -1 
(166, 60) -1 -1 -1 
(166, 61) -1 -1 -1 
(166, 62) -1 -1 -1 
(166, 63) -1 -1 -1 
(166, 64) -1 -1 -1 
(166, 65) -1 -1 -1 
(166, 66) 1 1 1 
(166, 68) -1 -1 -1 
(166, 69) -1 -1 -1 
(166, 70) -1 -1 -1 
(166, 71) -1 -1 -1 
(166, 72) -1 -1 -1 
(166, 73) -1 -1 -1 
(166, 75) -1 -1 -1 
(166, 76) -1 -1 -1 
(166, 77) -1 -1 -1 
(166, 78) -1 -1 -1 
(166, 79) -1 -1 -1 
(166, 80) -1 -1 -1 
(166, 83) -1 -1 -1 
(166, 84) -1 -1 -1 
(166, 85) -1 -1 -1 
(166, 86) -1 -1 -1 
(166, 87) -1 -1 -1 
(166, 91) -1 -1 -1 
(166, 92) -1 -1 -1 
(166, 93) -1 -1 -1 
(166, 94) -1 -1 -1 
(166, 99) -1 -1 -1 
(166, 100) -1 -1 -1 
(166, 101) -1 -1 -1 
(166, 107) -1 -1 -1 
(166, 108) -1 -1 -1 
(166, 115) -1 -1 -1 
(166, 116) -1 -1 -1 
(166, 140) -1 -1 -1 
(166, 148) -1 -1 -1 
(167, 13) -1 -1 -1 
(167, 14) -1 -1 -1 
(167, 15) -1 -1 -1 
(167, 16) -1 -1 -1 
(167, 18) -1 -1 -1 
(167, 19) -1 -1 -1 
(167, 20) -1 -1 -1 
(167, 21) -1 -1 -1 
(167, 22) -1 -1 -1 
(167, 23) -1 -1 -1 
(167, 25) -1 -1 -1 
(167, 26) -1 -1 -1 
(167, 31) -1 -1 -1 
(167, 32) -1 -1 -1 
(167, 36) -1 -1 -1 
(167, 37) -1 -1 -1 
(167, 38) -1 -1 -1 
(167, 42) -1 -1 -1 
(167, 43) -1 -1 -1 
(167, 44) -1 -1 -1 
(167, 45) -1 -1 -1 
(167, 46) -1 -1 -1 
(167, 48) -1 -1 -1 
(167, 49) -1 -1 -1 
(167, 50) -1 -1 -1 
(167, 51) -1 -1 -1 
(167, 52) -1 -1 -1 
(167, 54) -1 -1 -1 
(167, 55) -1 -1 -1 
(167, 56) -1 -1 -1 
(167, 57) -1 -1 -1 
(167, 58) -1 -1 -1 
(167, 61) -1 -1 -1 
(167, 62) -1 -1 -1 
(167, 63) -1 -1 -1 
(167, 64) -1 -1 -1 
(167, 65) -1 -1 -1 
(167, 68) -1 -1 -1 
(167, 69) -1 -1 -1 
(167, 70) -1 -1 -1 
(167, 71) -1 -1 -1 
(167, 72) -1 -1 -1 
(167, 73) -1 -1 -1 
(167, 75) -1 -1 -1 
(167, 76) -1 -1 -1 
(167, 77) -1 -1 -1 
(167, 78) -1 -1 -1 
(167, 79) -1 -1 -1 
(167, 80) -1 -1 -1 
(167, 83) -1 -1 -1 
(167, 84) -1 -1 -1 
(167, 85) -1 -1 -1 
(167, 86) -1 -1 -1 
(167, 87) -1 -1 -1 
(167, 90) -1 -1 -1 
(167, 91) -1 -1 -1 
(167, 92) -1 -1 -1 
(167, 93) -1 -1 -1 
(167, 94) -1 -1 -1 
(167, 99) -1 -1 -1 
(167, 100) -1 -1 -1 
(167, 101) -1 -1 -1 
(167, 107) -1 -1 -1 
(167, 108) -1 -1 -1 
(167, 115) -1 -1 -1 
(167, 116) -1 -1 -1 
(167, 123) -1 -1 -1 
(167, 131) -1 -1 -1 
(167, 148) -1 -1 -1 
(168, 13) -1 -1 -1 
(168, 14) -1 -1 -1 
(168, 15) -1 -1 -1 
(168, 16) -1 -1 -1 
(168, 17) -1 -1 -1 
(168, 19) -1 -1 -1 
(168, 20) -1 -1 -1 
(168, 21) -1 -1 -1 
(168, 22) -1 -1 -1 
(168, 23) -1 -1 -1 
(168, 24) -1 -1 -1 
(168, 25) -1 -1 -1 
(168, 26) -1 -1 -1 
(168, 31) -1 -1 -1 
(168, 32) -1 -1 -1 
(168, 36) -1 -1 -1 
(168, 37) -1 -1 -1 
(168, 38) -1 -1 -1 
(168, 42) -1 -1 -1 
(168, 43) -1 -1 -1 
(168, 44) -1 -1 -1 
(168, 45) -1 -1 -1 
(168, 48) -1 -1 -1 
(168, 49) -1 -1 -1 
(168, 50) -1 -1 -1 
(168, 51) -1 -1 -1 
(168, 52) -1 -1 -1 
(168, 55) -1 -1 -1 
(168, 56) -1 -1 -1 
(168, 57) -1 -1 -1 
(168, 58) -1 -1 -1 
(168, 59) -1 -1 -1 
(168, 61) -1 -1 -1 
(168, 62) -1 -1 -1 
(168, 63) -1 -1 -1 
(168, 64) -1 -1 -1 
(168, 65) -1 -1 -1 
(168, 68) -1 -1 -1 
(168, 69) -1 -1 -1 
(168, 70) -1 -1 -1 
(168, 71) -1 -1 -1 
(168, 72) -1 -1 -1 
(168, 73) 1 1 1 
(168, 74) -1 -1 -1 
(168, 75) -1 -1 -1 
(168, 76) -1 -1 -1 
(168, 77) -1 -1 -1 
(168, 78) -1 -1 -1 
(168, 79) -1 -1 -1 
(168, 80) -1 -1 -1 
(168, 82) -1 -1 -1 
(168, 83) -1 -1 -1 
(168, 84) -1 -1 -1 
(168, 85) -1 -1 -1 
(168, 86) -1 -1 -1 
(168, 87) -1 -1 -1 
(168, 90) -1 -1 -1 
(168, 91) -1 -1 -1 
(168, 92) -1 -1 -1 
(168, 93) -1 -1 -1 
(168, 94) -1 -1 -1 
(168, 98) -1 -1 -1 
(168, 99) -1 -1 -1 
(168, 100) -1 -1 -1 
(168, 101) -1 -1 -1 
(168, 106) -1 -1 -1 
(168, 107) -1 -1 -1 
(168, 108) -1 -1 -1 
(168, 115) -1 -1 -1 
(168, 116) -1 -1 -1 
(168, 123) -1 -1 -1 
(168, 131) -1 -1 -1 
(169, 14) -1 -1 -1 
(169, 15) -1 -1 -1 
(169, 16) -1 -1 -1 
(169, 17) -1 -1 -1 
(169, 18) -1 -1 -1 
(169, 20) -1 -1 -1 
(169, 21) -1 -1 -1 
(169, 22) -1 -1 -1 
(169, 23) -1 -1 -1 
(169, 24) -1 -1 -1 
(169, 25) -1 -1 -1 
(169, 26) -1 -1 -1 
(169, 27) -1 -1 -1 
(169, 36) -1 -1 -1 
(169, 37) -1 -1 -1 
(169, 42) -1 -1 -1 
(169, 43) -1 -1 -1 
(169, 44) -1 -1 -1 
(169, 49) -1 -1 -1 
(169, 50) -1 -1 -1 
(169, 51) -1 -1 -1 
(169, 52) -1 -1 -1 
(169, 55) -1 -1 -1 
(169, 56) -1 -1 -1 
(169, 57) -1 -1 -1 
(169, 58) -1 -1 -1 
(169, 59) -1 -1 -1 
(169, 61) -1 -1 -1 
(169, 62) -1 -1 -1 
(169, 63) -1 -1 -1 
(169, 64) -1 -1 -1 
(169, 65) -1 -1 -1 
(169, 66) -1 -1 -1 
(169, 68) -1 -1 -1 
(169, 69) -1 -1 -1 
(169, 70) -1 -1 -1 
(169, 71) -1 -1 -1 
(169, 72) -1 -1 -1 
(169, 73) -1 -1 -1 
(169, 75) -1 -1 -1 
(169, 76) -1 -1 -1 
(169, 77) -1 -1 -1 
(169, 78) -1 -1 -1 
(169, 79) -1 -1 -1 
(169, 80) -1 -1 -1 
(169, 82) -1 -1 -1 
(169, 83) -1 -1 -1 
(169, 84) -1 -1 -1 
(169, 85) -1 -1 -1 
(169, 86) -1 -1 -1 
(169, 87) -1 -1 -1 
(169, 90) -1 -1 -1 
(169, 91) -1 -1 -1 
(169, 92) -1 -1 -1 
(169, 93) -1 -1 -1 
(169, 94) -1 -1 -1 
(169, 98) -1 -1 -1 
(169, 99) -1 -1 -1 
(169, 100) -1 -1 -1 
(169, 101) -1 -1 -1 
(169, 106) -1 -1 -1 
(169, 107) -1 -1 -1 
(169, 108) -1 -1 -1 
(169, 114) -1 -1 -1 
(169, 115) -1 -1 -1 
(169, 116) -1 -1 -1 
(169, 122) -1 -1 -1 
(169, 123) -1 -1 -1 
(169, 131) -1 -1 -1 
(170, 15) -1 -1 -1 
(170, 16) -1 -1 -1 
(170, 17) -1 -1 -1 
(170, 18) -1 -1 -1 
(170, 20) -1 -1 -1 
(170, 21) -1 -1 -1 
(170, 22) -1 -1 -1 
(170, 23) -1 -1 -1 
(170, 24) -1 -1 -1 
(170, 25) -1 -1 -1 
(170, 26) -1 -1 -1 
(170, 27) -1 -1 -1 
(170, 43) -1 -1 -1 
(170, 44) -1 -1 -1 
(170, 49) -1 -1 -1 
(170, 50) -1 -1 -1 
(170, 51) -1 -1 -1 
(170, 55) -1 -1 -1 
(170, 56) -1 -1 -1 
(170, 57) -1 -1 -1 
(170, 58) -1 -1 -1 
(170, 59) -1 -1 -1 
(170, 62) -1 -1 -1 
(170, 63) -1 -1 -1 
(170, 64) -1 -1 -1 
(170, 65) -1 -1 -1 
(170, 66) -1 -1 -1 
(170, 68) -1 -1 -1 
(170, 69) -1 -1 -1 
(170, 70) -1 -1 -1 
(170, 71) -1 -1 -1 
(170, 72) -1 -1 -1 
(170, 73) -1 -1 -1 
(170, 75) -1 -1 -1 
(170, 76) -1 -1 -1 
(170, 77) -1 -1 -1 
(170, 78) -1 -1 -1 
(170, 79) -1 -1 -1 
(170, 80) -1 -1 -1 
(170, 82) -1 -1 -1 
(170, 83) -1 -1 -1 
(170, 84) -1 -1 -1 
(170, 85) -1 -1 -1 
(170, 86) -1 -1 -1 
(170, 87) -1 -1 -1 
(170, 90) -1 -1 -1 
(170, 91) -1 -1 -1 
(170, 92) -1 -1 -1 
(170, 93) -1 -1 -1 
(170, 94) -1 -1 -1 
(170, 95) -1 -1 -1 
(170, 98) -1 -1 -1 
(170, 99) -1 -1 -1 
(170, 100) -1 -1 -1 
(170, 101) -1 -1 -1 
(170, 106) -1 -1 -1 
(170, 107) -1 -1 -1 
(170, 108) -1 -1 -1 
(170, 109) -1 -1 -1 
(170, 114) -1 -1 -1 
(170, 115) -1 -1 -1 
(170, 116) -1 -1 -1 
(170, 122) -1 -1 -1 
(170, 123) -1 -1 -1 
(170, 130) -1 -1 -1 
(170, 131) -1 -1 -1 
(171, 15) -1 -1 -1 
(171, 16) -1 -1 -1 
(171, 17) -1 -1 -1 
(171, 18) -1 -1 -1 
(171, 19) -1 -1 -1 
(171, 21) -1 -1 -1 
(171, 22) -1 -1 -1 
(171, 23) -1 -1 -1 
(171, 24) -1 -1 -1 
(171, 25) -1 -1 -1 
(171, 26) -1 -1 -1 
(171, 27) -1 -1 -1 
(171, 43) -1 -1 -1 
(171, 49) -1 -1 -1 
(171, 50) -1 -1 -1 
(171, 51) -1 -1 -1 
(171, 56) -1 -1 -1 
(171, 57) -1 -1 -1 
(171, 58) -1 -1 -1 
(171, 62) -1 -1 -1 
(171, 63) -1 -1 -1 
(171, 64) -1 -1 -1 
(171, 65) -1 -1 -1 
(171, 66) -1 -1 -1 
(171, 69) -1 -1 -1 
(171, 70) -1 -1 -1 
(171, 71) -1 -1 -1 
(171, 72) -1 -1 -1 
(171, 73) -1 -1 -1 
(171, 75) -1 -1 -1 
(171, 76) -1 -1 -1 
(171, 77) -1 -1 -1 
(171, 78) -1 -1 -1 
(171, 79) -1 -1 -1 
(171, 80) -1 -1 -1 
(171, 82) -1 -1 -1 
(171, 83) -1 -1 -1 
(171, 84) -1 -1 -1 
(171, 85) -1 -1 -1 
(171, 86) -1 -1 -1 
(171, 87) -1 -1 -1 
(171, 90) -1 -1 -1 
(171, 91) -1 -1 -1 
(171, 92) -1 -1 -1 
(171, 93) -1 -1 -1 
(171, 94) -1 -1 -1 
(171, 95) -1 -1 -1 
(171, 97) -1 -1 -1 
(171, 98) -1 -1 -1 
(171, 99) -1 -1 -1 
(171, 100) -1 -1 -1 
(171, 101) -1 -1 -1 
(171, 102) -1 -1 -1 
(171, 105) -1 -1 -1 
(171, 106) -1 -1 -1 
(171, 107) -1 -1 -1 
(171, 108) -1 -1 -1 
(171, 109) -1 -1 -1 
(171, 113) -1 -1 -1 
(171, 114) -1 -1 -1 
(171, 115) -1 -1 -1 
(171, 116) -1 -1 -1 
(171, 122) -1 -1 -1 
(171, 123) -1 -1 -1 
(171, 130) -1 -1 -1 
(171, 131) -1 -1 -1 
(171, 138) -1 -1 -1 
(171, 162) -1 -1 -1 
(172, 16) -1 -1 -1 
(172, 17) -1 -1 -1 
(172, 18) -1 -1 -1 
(172, 19) -1 -1 -1 
(172, 21) -1 -1 -1 
(172, 22) -1 -1 -1 
(172, 23) -1 -1 -1 
(172, 24) -1 -1 -1 
(172, 25) -1 -1 -1 
(172, 26) -1 -1 -1 
(172, 27) -1 -1 -1 
(172, 28) -1 -1 -1 
(172, 50) -1 -1 -1 
(172, 56) -1 -1 -1 
(172, 57) -1 -1 -1 
(172, 58) -1 -1 -1 
(172, 62) -1 -1 -1 
(172, 63) -1 -1 -1 
(172, 64) -1 -1 -1 
(172, 65) -1 -1 -1 
(172, 69) -1 -1 -1 
(172, 70) -1 -1 -1 
(172, 71) -1 -1 -1 
(172, 72) -1 -1 -1 
(172, 73) -1 -1 -1 
(172, 76) -1 -1 -1 
(172, 77) -1 -1 -1 
(172, 78) -1 -1 -1 
(172, 79) -1 -1 -1 
(172, 80) -1 -1 -1 
(172, 83) -1 -1 -1 
(172, 84) -1 -1 -1 
(172, 85) -1 -1 -1 
(172, 86) -1 -1 -1 
(172, 87) -1 -1 -1 
(172, 90) -1 -1 -1 
(172, 91) -1 -1 -1 
(172, 92) -1 -1 -1 
(172, 93) -1 -1 -1 
(172, 94) -1 -1 -1 
(172, 95) -1 -1 -1 
(172, 97) -1 -1 -1 
(172, 98) -1 -1 -1 
(172, 99) -1 -1 -1 
(172, 100) -1 -1 -1 
(172, 101) -1 -1 -1 
(172, 102) -1 -1 -1 
(172, 105) -1 -1 -1 
(172, 106) -1 -1 -1 
(172, 107) -1 -1 -1 
(172, 108) -1 -1 -1 
(172, 109) -1 -1 -1 
(172, 113) -1 -1 -1 
(172, 114) -1 -1 -1 
(172, 115) -1 -1 -1 
(172, 116) -1 -1 -1 
(172, 121) -1 -1 -1 
(172, 122) -1 -1 -1 
(172, 123) -1 -1 -1 
(172, 130) -1 -1 -1 
(172, 131) -1 -1 -1 
(172, 138) -1 -1 -1 
(172, 146) -1 -1 -1 
(173, 16) -1 -1 -1 
(173, 17) -1 -1 -1 
(173, 18) -1 -1 -1 
(173, 19) -1 -1 -1 
(173, 20) -1 -1 -1 
(173, 22) -1 -1 -1 
(173, 23) -1 -1 -1 
(173, 24) -1 -1 -1 
(173, 25) -1 -1 -1 
(173, 26) -1 -1 -1 
(173, 27) -1 -1 -1 
(173, 28) -1 -1 -1 
(173, 50) -1 -1 -1 
(173, 57) -1 -1 -1 
(173, 63) -1 -1 -1 
(173, 64) -1 -1 -1 
(173, 65) -1 -1 -1 
(173, 69) -1 -1 -1 
(173, 70) -1 -1 -1 
(173, 71) -1 -1 -1 
(173, 72) -1 -1 -1 
(173, 76) -1 -1 -1 
(173, 77) -1 -1 -1 
(173, 78) -1 -1 -1 
(173, 79) -1 -1 -1 
(173, 80) -1 -1 -1 
(173, 83) -1 -1 -1 
(173, 84) -1 -1 -1 
(173, 85) -1 -1 -1 
(173, 86) -1 -1 -1 
(173, 87) -1 -1 -1 
(173, 90) -1 -1 -1 
(173, 91) -1 -1 -1 
(173, 92) -1 -1 -1 
(173, 93) -1 -1 -1 
(173, 94) -1 -1 -1 
(173, 95) -1 -1 -1 
(173, 97) -1 -1 -1 
(173, 98) -1 -1 -1 
(173, 99) -1 -1 -1 
(173, 100) -1 -1 -1 
(173, 101) -1 -1 -1 
(173, 102) -1 -1 -1 
(173, 105) -1 -1 -1 
(173, 106) -1 -1 -1 
(173, 107) -1 -1 -1 
(173, 108) -1 -1 -1 
(173, 109) -1 -1 -1 
(173, 113) -1 -1 -1 
(173, 114) -1 -1 -1 
(173, 115) -1 -1 -1 
(173, 116) -1 -1 -1 
(173, 121) -1 -1 -1 
(173, 122) -1 -1 -1 
(173, 123) -1 -1 -1 
(173, 129) -1 -1 -1 
(173, 130) -1 -1 -1 
(173, 131) -1 -1 -1 
(173, 138) -1 -1 -1 
(173, 146) -1 -1 -1 
(173, 154) -1 -1 -1 
(173, 170) -1 -1 -1 
(174, 17) -1 -1 -1 
(174, 18) -1 -1 -1 
(174, 19) -1 -1 -1 
(174, 20) -1 -1 -1 
(174, 22) -1 -1 -1 
(174, 23) -1 -1 -1 
(174, 24) -1 -1 -1 
(174, 25) -1 -1 -1 
(174, 26) -1 -1 -1 
(174, 27) -1 -1 -1 
(174, 28) -1 -1 -1 
(174, 57) -1 -1 -1 
(174, 63) -1 -1 -1 
(174, 64) -1 -1 -1 
(174, 70) -1 -1 -1 
(174, 71) -1 -1 -1 
(174, 72) -1 -1 -1 
(174, 76) -1 -1 -1 
(174, 77) -1 -1 -1 
(174, 78) -1 -1 -1 
(174, 79) -1 -1 -1 
(174, 80) -1 -1 -1 
(174, 83) -1 -1 -1 
(174, 84) -1 -1 -1 
(174, 85) -1 -1 -1 
(174, 86) -1 -1 -1 
(174, 87) -1 -1 -1 
(174, 90) -1 -1 -1 
(174, 91) -1 -1 -1 
(174, 92) -1 -1 -1 
(174, 93) -1 -1 -1 
(174, 94) -1 -1 -1 
(174, 95) -1 -1 -1 
(174, 97) -1 -1 -1 
(174, 98) -1 -1 -1 
(174, 99) -1 -1 -1 
(174, 100) -1 -1 -1 
(174, 101) -1 -1 -1 
(174, 102) -1 -1 -1 
(174, 105) -1 -1 -1 
(174, 106) -1 -1 -1 
(174, 107) -1 -1 -1 
(174, 108) -1 -1 -1 
(174, 109) -1 -1 -1 
(174, 113) -1 -1 -1 
(174, 114) -1 -1 -1 
(174, 115) -1 -1 -1 
(174, 116) -1 -1 -1 
(174, 121) -1 -1 -1 
(174, 122) -1 -1 -1 
(174, 123) -1 -1 -1 
(174, 129) -1 -1 -1 
(174, 130) -1 -1 -1 
(174, 131) -1 -1 -1 
(174, 137) -1 -1 -1 
(174, 138) -1 -1 -1 
(174, 146) -1 -1 -1 
(174, 154) -1 -1 -1 
(175, 17) -1 -1 -1 
(175, 18) -1 -1 -1 
(175, 19) -1 -1 -1 
(175, 20) -1 -1 -1 
(175, 21) -1 -1 -1 
(175, 23) -1 -1 -1 
(175, 24) -1 -1 -1 
(175, 25) -1 -1 -1 
(175, 26) -1 -1 -1 
(175, 27) -1 -1 -1 
(175, 28) -1 -1 -1 
(175, 29) -1 -1 -1 
(175, 39) 1 1 1 
(175, 64) -1 -1 -1 
(175, 70) -1 -1 -1 
(175, 71) -1 -1 -1 
(175, 77) -1 -1 -1 
(175, 78) -1 -1 -1 
(175, 79) -1 -1 -1 
(175, 83) -1 -1 -1 
(175, 84) -1 -1 -1 
(175, 85) -1 -1 -1 
(175, 86) -1 -1 -1 
(175, 87) -1 -1 -1 
(175, 90) -1 -1 -1 
(175, 91) -1 -1 -1 
(175, 92) -1 -1 -1 
(175, 93) -1 -1 -1 
(175, 94) -1 -1 -1 
(175, 97) -1 -1 -1 
(175, 98) -1 -1 -1 
(175, 99) -1 -1 -1 
(175, 100) -1 -1 -1 
(175, 101) -1 -1 -1 
(175, 102) -1 -1 -1 
(175, 104) -1 -1 -1 
(175, 105) -1 -1 -1 
(175, 106) -1 -1 -1 
(175, 107) -1 -1 -1 
(175, 108) -1 -1 -1 
(175, 109) -1 -1 -1 
(175, 111) -1 -1 -1 
(175, 113) -1 -1 -1 
(175, 114) -1 -1 -1 
(175, 115) -1 -1 -1 
(175, 116) -1 -1 -1 
(175, 121) -1 -1 -1 
(175, 122) -1 -1 -1 
(175, 123) -1 -1 -1 
(175, 129) -1 -1 -1 
(175, 130) -1 -1 -1 
(175, 131) -1 -1 -1 
(175, 137) -1 -1 -1 
(175, 138) -1 -1 -1 
(175, 146) -1 -1 -1 
(175, 154) -1 -1 -1 
(176, 18) -1 -1 -1 
(176, 19) -1 -1 -1 
(176, 20) -1 -1 -1 
(176, 21) -1 -1 -1 
(176, 23) -1 -1 -1 
(176, 24) -1 -1 -1 
(176, 25) -1 -1 -1 
(176, 26) -1 -1 -1 
(176, 27) -1 -1 -1 
(176, 28) -1 -1 -1 
(176, 29) -1 -1 -1 
(176, 39) 1 1 1 
(176, 70) -1 -1 -1 
(176, 71) -1 -1 -1 
(176, 77) -1 -1 -1 
(176, 78) -1 -1 -1 
(176, 79) -1 -1 -1 
(176, 84) -1 -1 -1 
(176, 85) -1 -1 -1 
(176, 86) -1 -1 -1 
(176, 90) -1 -1 -1 
(176, 91) -1 -1 -1 
(176, 92) -1 -1 -1 
(176, 93) -1 -1 -1 
(176, 94) -1 -1 -1 
(176, 98) -1 -1 -1 
(176, 99) -1 -1 -1 
(176, 100) -1 -1 -1 
(176, 101) -1 -1 -1 
(176, 102) -1 -1 -1 
(176, 105) -1 -1 -1 
(176, 106) -1 -1 -1 
(176, 107) -1 -1 -1 
(176, 108) -1 -1 -1 
(176, 109) -1 -1 -1 
(176, 112) -1 -1 -1 
(176, 113) -1 -1 -1 
(176, 114) -1 -1 -1 
(176, 115) -1 -1 -1 
(176, 116) -1 -1 -1 
(176, 120) -1 -1 -1 
(176, 121) -1 -1 -1 
(176, 122) -1 -1 -1 
(176, 123) -1 -1 -1 
(176, 129) -1 -1 -1 
(176, 130) -1 -1 -1 
(176, 131) -1 -1 -1 
(176, 137) -1 -1 -1 
(176, 138) -1 -1 -1 
(176, 145) -1 -1 -1 
(176, 146) -1 -1 -1 
(176, 154) -1 -1 -1 
(176, 161) -1 -1 -1 
(177, 19) -1 -1 -1 
(177, 20) -1 -1 -1 
(177, 21) -1 -1 -1 
(177, 22) -1 -1 -1 
(177, 24) -1 -1 -1 
(177, 25) -1 -1 -1 
(177, 26) -1 -1 -1 
(177, 27) -1 -1 -1 
(177, 28) -1 -1 -1 
(177, 29) -1 -1 -1 
(177, 40) 1 1 1 
(177, 77) -1 -1 -1 
(177, 78) -1 -1 -1 
(177, 84) -1 -1 -1 
(177, 85) -1 -1 -1 
(177, 86) -1 -1 -1 
(177, 91) -1 -1 -1 
(177, 92) -1 -1 -1 
(177, 93) -1 -1 -1 
(177, 98) -1 -1 -1 
(177, 99) -1 -1 -1 
(177, 100) -1 -1 -1 
(177, 101) -1 -1 -1 
(177, 105) -1 -1 -1 
(177, 106) -1 -1 -1 
(177, 107) -1 -1 -1 
(177, 108) -1 -1 -1 
(177, 109) -1 -1 -1 
(177, 112) -1 -1 -1 
(177, 113) -1 -1 -1 
(177, 114) -1 -1 -1 
(177, 115) -1 -1 -1 
(177, 116) -1 -1 -1 
(177, 120) -1 -1 -1 
(177, 121) -1 -1 -1 
(177, 122) -1 -1 -1 
(177, 123) -1 -1 -1 
(177, 128) -1 -1 -1 
(177, 129) -1 -1 -1 
(177, 130) -1 -1 -1 
(177, 131) -1 -1 -1 
(177, 137) -1 -1 -1 
(177, 138) -1 -1 -1 
(177, 145) -1 -1 -1 
(177, 146) -1 -1 -1 
(177, 153) -1 -1 -1 
(177, 161) -1 -1 -1 
(178, 19) -1 -1 -1 
(178, 20) -1 -1 -1 
(178, 21) -1 -1 -1 
(178, 22) -1 -1 -1 
(178, 24) -1 -1 -1 
(178, 25) -1 -1 -1 
(178, 26) -1 -1 -1 
(178, 27) -1 -1 -1 
(178, 28) -1 -1 -1 
(178, 29) -1 -1 -1 
(178, 30) -1 -1 -1 
(178, 40) 1 1 1 
(178, 77) -1 -1 -1 
(178, 78) -1 -1 -1 
(178, 84) -1 -1 -1 
(178, 85) -1 -1 -1 
(178, 91) -1 -1 -1 
(178, 92) -1 -1 -1 
(178, 93) -1 -1 -1 
(178, 98) -1 -1 -1 
(178, 99) -1 -1 -1 
(178, 100) -1 -1 -1 
(178, 101) -1 -1 -1 
(178, 105) -1 -1 -1 
(178, 106) -1 -1 -1 
(178, 107) -1 -1 -1 
(178, 108) -1 -1 -1 
(178, 112) -1 -1 -1 
(178, 113) -1 -1 -1 
(178, 114) -1 -1 -1 
(178, 115) -1 -1 -1 
(178, 116) -1 -1 -1 
(178, 120) -1 -1 -1 
(178, 121) -1 -1 -1 
(178, 122) -1 -1 -1 
(178, 123) -1 -1 -1 
(178, 128) -1 -1 -1 
(178, 129) -1 -1 -1 
(178, 130) -1 -1 -1 
(178, 131) -1 -1 -1 
(178, 136) -1 -1 -1 
(178, 137) -1 -1 -1 
(178, 138) -1 -1 -1 
(178, 145) -1 -1 -1 
(178, 146) -1 -1 -1 
(178, 153) -1 -1 -1 
(178, 169) -1 -1 -1 
(179, 20) -1 -1 -1 
(179, 21) -1 -1 -1 
(179, 22) -1 -1 -1 
(179, 23) -1 -1 -1 
(179, 25) -1 -1 -1 
(179, 26) -1 -1 -1 
(179, 27) -1 -1 -1 
(179, 28) -1 -1 -1 
(179, 29) -1 -1 -1 
(179, 30) -1 -1 -1 
(179, 40) 1 1 1 
(179, 84) -1 -1 -1 
(179, 85) -1 -1 -1 
(179, 91) -1 -1 -1 
(179, 92) -1 -1 -1 
(179, 93) -1 -1 -1 
(179, 98) -1 -1 -1 
(179, 99) -1 -1 -1 
(179, 100) -1 -1 -1 
(179, 105) -1 -1 -1 
(179, 106) -1 -1 -1 
(179, 107) -1 -1 -1 
(179, 108) -1 -1 -1 
(179, 113) -1 -1 -1 
(179, 114) -1 -1 -1 
(179, 115) -1 -1 -1 
(179, 116) -1 -1 -1 
(179, 120) -1 -1 -1 
(179, 121) -1 -1 -1 
(179, 122) -1 -1 -1 
(179, 123) -1 -1 -1 
(179, 127) -1 -1 -1 
(179, 128) -1 -1 -1 
(179, 129) -1 -1 -1 
(179, 130) -1 -1 -1 
(179, 136) -1 -1 -1 
(179, 137) -1 -1 -1 
(179, 138) -1 -1 -1 
(179, 144) -1 -1 -1 
(179, 145) -1 -1 -1 
(179, 153) -1 -1 -1 
(180, 20) -1 -1 -1 
(180, 21) -1 -1 -1 
(180, 22) -1 -1 -1 
(180, 23) -1 -1 -1 
(180, 24) -1 -1 -1 
(180, 26) -1 -1 -1 
(180, 27) -1 -1 -1 
(180, 28) -1 -1 -1 
(180, 29) -1 -1 -1 
(180, 30) -1 -1 -1 
(180, 36) 1 1 1 
(180, 91) -1 -1 -1 
(180, 92) -1 -1 -1 
(180, 98) -1 -1 -1 
(180, 99) -1 -1 -1 
(180, 100) -1 -1 -1 
(180, 105) -1 -1 -1 
(180, 106) -1 -1 -1 
(180, 107) -1 -1 -1 
(180, 108) -1 -1 -1 
(180, 113) -1 -1 -1 
(180, 114) -1 -1 -1 
(180, 115) -1 -1 -1 
(180, 120) -1 -1 -1 
(180, 121) -1 -1 -1 
(180, 122) -1 -1 -1 
(180, 123) -1 -1 -1 
(180, 128) -1 -1 -1 
(180, 129) -1 -1 -1 
(180, 130) -1 -1 -1 
(180, 135) 1 1 1 
(180, 136) -1 -1 -1 
(180, 137) -1 -1 -1 
(180, 138) -1 -1 -1 
(180, 144) -1 -1 -1 
(180, 145) -1 -1 -1 
(180, 153) -1 -1 -1 
(180, 160) -1 -1 -1 
(181, 21) -1 -1 -1 
(181, 22) -1 -1 -1 
(181, 23) -1 -1 -1 
(181, 24) -1 -1 -1 
(181, 26) -1 -1 -1 
(181, 27) -1 -1 -1 
(181, 28) -1 -1 -1 
(181, 29) -1 -1 -1 
(181, 30) -1 -1 -1 
(181, 31) -1 -1 -1 
(181, 36) 1 1 1 
(181, 92) -1 -1 -1 
(181, 99) -1 -1 -1 
(181, 100) -1 -1 -1 
(181, 106) -1 -1 -1 
(181, 107) -1 -1 -1 
(181, 113) -1 -1 -1 
(181, 114) -1 -1 -1 
(181, 115) -1 -1 -1 
(181, 120) -1 -1 -1 
(181, 121) -1 -1 -1 
(181, 122) -1 -1 -1 
(181, 123) -1 -1 -1 
(181, 128) -1 -1 -1 
(181, 129) -1 -1 -1 
(181, 130) -1 -1 -1 
(181, 131) -1 -1 -1 
(181, 134) -1 -1 -1 
(181, 135) 1 1 1 
(181, 136) -1 -1 -1 
(181, 137) -1 -1 -1 
(181, 138) -1 -1 -1 
(181, 144) -1 -1 -1 
(181, 145) -1 -1 -1 
(181, 152) -1 -1 -1 
(181, 153) -1 -1 -1 
(181, 160) -1 -1 -1 
(182, 21) -1 -1 -1 
(182, 22) -1 -1 -1 
(182, 23) -1 -1 -1 
(182, 24) -1 -1 -1 
(182, 25) -1 -1 -1 
(182, 27) -1 -1 -1 
(182, 28) -1 -1 -1 
(182, 29) -1 -1 -1 
(182, 30) -1 -1 -1 
(182, 31) -1 -1 -1 
(182, 37) 1 1 1 
(182, 99) -1 -1 -1 
(182, 106) -1 -1 -1 
(182, 107) -1 -1 -1 
(182, 113) -1 -1 -1 
(182, 114) -1 -1 -1 
(182, 115) -1 -1 -1 
(182, 120) -1 -1 -1 
(182, 121) -1 -1 -1 
(182, 122) -1 -1 -1 
(182, 128) -1 -1 -1 
(182, 129) -1 -1 -1 
(182, 130) -1 -1 -1 
(182, 136) -1 -1 -1 
(182, 137) -1 -1 -1 
(182, 138) -1 -1 -1 
(182, 142) 1 1 1 
(182, 144) -1 -1 -1 
(182, 145) -1 -1 -1 
(182, 152) -1 -1 -1 
(182, 153) -1 -1 -1 
(182, 160) -1 -1 -1 
(182, 168) -1 -1 -1 
(183, 22) -1 -1 -1 
(183, 23) -1 -1 -1 
(183, 24) -1 -1 -1 
(183, 25) -1 -1 -1 
(183, 27) -1 -1 -1 
(183, 28) -1 -1 -1 
(183, 29) -1 -1 -1 
(183, 30) -1 -1 -1 
(183, 31) -1 -1 -1 
(183, 37) 1 1 1 
(183, 99) -1 -1 -1 
(183, 106) -1 -1 -1 
(183, 113) -1 -1 -1 
(183, 114) -1 -1 -1 
(183, 120) -1 -1 -1 
(183, 121) -1 -1 -1 
(183, 122) -1 -1 -1 
(183, 128) -1 -1 -1 
(183, 129) -1 -1 -1 
(183, 130) -1 -1 -1 
(183, 136) -1 -1 -1 
(183, 137) -1 -1 -1 
(183, 138) -1 -1 -1 
(183, 142) 1 1 1 
(183, 144) -1 -1 -1 
(183, 145) -1 -1 -1 
(183, 152) -1 -1 -1 
(183, 153) -1 -1 -1 
(183, 160) -1 -1 -1 
(183, 168) -1 -1 -1 
(184, 23) -1 -1 -1 
(184, 24) -1 -1 -1 
(184, 25) -1 -1 -1 
(184, 26) -1 -1 -1 
(184, 28) -1 -1 -1 
(184, 29) -1 -1 -1 
(184, 30) -1 -1 -1 
(184, 31) -1 -1 -1 
(184, 32) -1 -1 -1 
(184, 37) 1 1 1 
(184, 106) -1 -1 -1 
(184, 113) -1 -1 -1 
(184, 114) -1 -1 -1 
(184, 120) -1 -1 -1 
(184, 121) -1 -1 -1 
(184, 122) -1 -1 -1 
(184, 128) -1 -1 -1 
(184, 129) -1 -1 -1 
(184, 130) -1 -1 -1 
(184, 136) -1 -1 -1 
(184, 137) -1 -1 -1 
(184, 144) -1 -1 -1 
(184, 145) -1 -1 -1 
(184, 151) 1 1 1 
(184, 152) -1 -1 -1 
(184, 153) -1 -1 -1 
(184, 159) -1 -1 -1 
(184, 160) -1 -1 -1 
(184, 168) -1 -1 -1 
(185, 23) -1 -1 -1 
(185, 24) -1 -1 -1 
(185, 25) -1 -1 -1 
(185, 26) -1 -1 -1 
(185, 28) -1 -1 -1 
(185, 29) -1 -1 -1 
(185, 30) -1 -1 -1 
(185, 31) -1 -1 -1 
(185, 32) -1 -1 -1 
(185, 106) -1 -1 -1 
(185, 113) -1 -1 -1 
(185, 114) -1 -1 -1 
(185, 121) -1 -1 -1 
(185, 128) -1 -1 -1 
(185, 129) -1 -1 -1 
(185, 136) -1 -1 -1 
(185, 137) -1 -1 -1 
(185, 144) -1 -1 -1 
(185, 145) -1 -1 -1 
(185, 151) 1 1 1 
(185, 152) -1 -1 -1 
(185, 153) -1 -1 -1 
(185, 158) -1 -1 -1 
(185, 159) -1 -1 -1 
(185, 160) -1 -1 -1 
(185, 176) -1 -1 -1 
(186, 24) -1 -1 -1 
(186, 25) -1 -1 -1 
(186, 26) -1 -1 -1 
(186, 27) -1 -1 -1 
(186, 29) -1 -1 -1 
(186, 30) -1 -1 -1 
(186, 31) -1 -1 -1 
(186, 32) -1 -1 -1 
(186, 113) -1 -1 -1 
(186, 121) -1 -1 -1 
(186, 128) -1 -1 -1 
(186, 129) -1 -1 -1 
(186, 136) -1 -1 -1 
(186, 137) -1 -1 -1 
(186, 144) -1 -1 -1 
(186, 145) -1 -1 -1 
(186, 152) -1 -1 -1 
(186, 153) -1 -1 -1 
(186, 159) -1 -1 -1 
(187, 24) -1 -1 -1 
(187, 25) -1 -1 -1 
(187, 26) -1 -1 -1 
(187, 27) -1 -1 -1 
(187, 29) -1 -1 -1 
(187, 30) -1 -1 -1 
(187, 31) -1 -1 -1 
(187, 32) -1 -1 -1 
(187, 33) -1 -1 -1 
(187, 121) -1 -1 -1 
(187, 128) -1 -1 -1 
(187, 129) -1 -1 -1 
(187, 136) -1 -1 -1 
(187, 137) -1 -1 -1 
(187, 144) -1 -1 -1 
(187, 152) -1 -1 -1 
(187, 159) -1 -1 -1 
(187, 166) 1 1 1 
(187, 167) -1 -1 -1 
(188, 25) -1 -1 -1 
(188, 26) -1 -1 -1 
(188, 27) -1 -1 -1 
(188, 28) -1 -1 -1 
(188, 30) -1 -1 -1 
(188, 31) -1 -1 -1 
(188, 32) -1 -1 -1 
(188, 33) -1 -1 -1 
(188, 128) -1 -1 -1 
(188, 136) -1 -1 -1 
(188, 144) -1 -1 -1 
(188, 152) -1 -1 -1 
(188, 159) -1 -1 -1 
(188, 167) -1 -1 -1 
(189, 25) -1 -1 -1 
(189, 26) -1 -1 -1 
(189, 27) -1 -1 -1 
(189, 28) -1 -1 -1 
(189, 30) -1 -1 -1 
(189, 31) -1 -1 -1 
(189, 32) -1 -1 -1 
(189, 33) -1 -1 -1 
(189, 34) -1 -1 -1 
(189, 128) -1 -1 -1 
(189, 136) -1 -1 -1 
(189, 144) -1 -1 -1 
(189, 151) -1 -1 -1 
(189, 152) -1 -1 -1 
(189, 159) -1 -1 -1 
(189, 167) -1 -1 -1 
(190, 26) -1 -1 -1 
(190, 27) -1 -1 -1 
(190, 28) -1 -1 -1 
(190, 29) -1 -1 -1 
(190, 31) -1 -1 -1 
(190, 32) -1 -1 -1 
(190, 33) -1 -1 -1 
(190, 34) -1 -1 -1 
(190, 128) -1 -1 -1 
(190, 136) -1 -1 -1 
(190, 144) -1 -1 -1 
(190, 151) -1 -1 -1 
(190, 152) -1 -1 -1 
(190, 159) -1 -1 -1 
(190, 167) -1 -1 -1 
(191, 27) -1 -1 -1 
(191, 28) -1 -1 -1 
(191, 29) -1 -1 -1 
(191, 32) -1 -1 -1 
(191, 33) -1 -1 -1 
(191, 34) -1 -1 -1 
(191, 40) 1 1 1 
(191, 151) -1 -1 -1 
(191, 167) -1 -1 -1 
(192, 27) -1 -1 -1 
(192, 28) -1 -1 -1 
(192, 29) -1 -1 -1 
(192, 32) -1 -1 -1 
(192, 33) -1 -1 -1 
(192, 34) -1 -1 -1 
(192, 35) -1 -1 -1 
(192, 40) 1 1 1 
(192, 143) -1 -1 -1 
(192, 151) -1 -1 -1 
(192, 158) -1 -1 -1 
(193, 28) -1 -1 -1 
(193, 29) -1 -1 -1 
(193, 30) -1 -1 -1 
(193, 33) -1 -1 -1 
(193, 34) -1 -1 -1 
(193, 35) -1 -1 -1 
(193, 143) -1 -1 -1 
(193, 151) -1 -1 -1 
(193, 158) -1 -1 -1 
(194, 28) -1 -1 -1 
(194, 29) -1 -1 -1 
(194, 33) -1 -1 -1 
(194, 34) -1 -1 -1 
(194, 35) -1 -1 -1 
(194, 143) -1 -1 -1 
(194, 151) -1 -1 -1 
(194, 158) -1 -1 -1 
(194, 166) -1 -1 -1 
(195, 34) -1 -1 -1 
(195, 35) -1 -1 -1 
(195, 158) -1 -1 -1 
(195, 166) -1 -1 -1 
(196, 34) -1 -1 -1 
(196, 166) -1 -1 -1 
(196, 174) -1 -1 -1 
(197, 166) -1 -1 -1 
(198, 166) -1 -1 -1 
(202, 165) -1 -1 -1 
(203, 165) -1 -1 -1 
(204, 165) -1 -1 -1 
(209, 164) -1 -1 -1 
(210, 164) -1 -1 -1 
(211, 164) -1 -1 -1 
(213, 171) -1 -1 -1 
(216, 163) -1 -1 -1 
(217, 163) -1 -1 -1 
(218, 163) -1 -1 -1 
(224, 162) -1 -1 -1 
