(51, 155) -1 -1 -1 
(52, 155) -1 -1 -1 
(53, 154) -1 -1 -1 
(53, 155) -1 -1 -1 
(54, 155) -1 -1 -1 
(55, 155) -1 -1 -1 
(56, 153) -1 -1 -1 
(56, 154) -1 -1 -1 
(56, 155) -1 -1 -1 
(57, 155) -1 -1 -1 
(58, 152) -1 -1 -1 
(58, 155) -1 -1 -1 
(59, 153) -1 -1 -1 
(59, 154) -1 -1 -1 
(59, 155) -1 -1 -1 
(60, 155) -1 -1 -1 
(61, 151) -1 -1 -1 
(61, 152) -1 -1 -1 
(61, 155) -1 -1 -1 
(62, 153) -1 -1 -1 
(62, 154) -1 -1 -1 
(62, 155) -1 -1 -1 
(63, 150) -1 -1 -1 
(63, 154) -1 -1 -1 
(64, 151) -1 -1 -1 
(64, 152) -1 -1 -1 
(64, 154) -1 -1 -1 
(65, 153) -1 -1 -1 
(65, 154) -1 -1 -1 
(66, 149) -1 -1 -1 
(66, 150) -1 -1 -1 
(66, 154) -1 -1 -1 
(67, 150) -1 -1 -1 
(67, 151) -1 -1 -1 
(67, 152) -1 -1 -1 
(67, 154) -1 -1 -1 
(68, 148) -1 -1 -1 
(68, 153) -1 -1 -1 
(68, 154) -1 -1 -1 
(69, 149) -1 -1 -1 
(69, 154) -1 -1 -1 
(70, 150) -1 -1 -1 
(70, 151) -1 -1 -1 
(70, 152) -1 -1 -1 
(70, 153) -1 -1 -1 
(70, 154) -1 -1 -1 
(71, 147) -1 -1 -1 
(71, 153) -1 -1 -1 
(71, 154) -1 -1 -1 
(72, 148) -1 -1 -1 
(72, 149) -1 -1 -1 
(72, 153) -1 -1 -1 
(72, 154) -1 -1 -1 
(73, 146) -1 -1 -1 
(73, 150) -1 -1 -1 
(73, 151) -1 -1 -1 
(73, 152) -1 -1 -1 
(73, 153) -1 -1 -1 
(73, 154) -1 -1 -1 
(74, 147) -1 -1 -1 
(74, 152) -1 -1 -1 
(74, 153) -1 -1 -1 
(74, 154) -1 -1 -1 
(75, 148) -1 -1 -1 
(75, 149) -1 -1 -1 
(75, 150) -1 -1 -1 
(75, 152) -1 -1 -1 
(75, 153) -1 -1 -1 
(75, 154) -1 -1 -1 
(76, 145) -1 -1 -1 
(76, 151) -1 -1 -1 
(76, 152) -1 -1 -1 
(76, 153) -1 -1 -1 
(76, 154) -1 -1 -1 
(77, 146) -1 -1 -1 
(77, 147) -1 -1 -1 
(77, 151) -1 -1 -1 
(77, 152) -1 -1 -1 
(77, 153) -1 -1 -1 
(78, 144) -1 -1 -1 
(78, 148) -1 -1 -1 
(78, 149) -1 -1 -1 
(78, 150) -1 -1 -1 
(78, 151) -1 -1 -1 
(78, 153) -1 -1 -1 
(79, 145) -1 -1 -1 
(79, 150) -1 -1 -1 
(79, 151) -1 -1 -1 
(79, 153) -1 -1 -1 
(80, 146) -1 -1 -1 
(80, 147) -1 -1 -1 
(80, 150) -1 -1 -1 
(80, 151) -1 -1 -1 
(80, 153) -1 -1 -1 
(81, 143) -1 -1 -1 
(81, 148) -1 -1 -1 
(81, 149) -1 -1 -1 
(81, 150) -1 -1 -1 
(81, 153) -1 -1 -1 
(82, 144) -1 -1 -1 
(82, 145) -1 -1 -1 
(82, 149) -1 -1 -1 
(82, 150) -1 -1 -1 
(82, 153) -1 -1 -1 
(83, 142) -1 -1 -1 
(83, 146) -1 -1 -1 
(83, 147) -1 -1 -1 
(83, 149) -1 -1 -1 
(83, 150) -1 -1 -1 
(83, 152) -1 -1 -1 
(83, 153) -1 -1 -1 
(84, 143) -1 -1 -1 
(84, 148) -1 -1 -1 
(84, 149) -1 -1 -1 
(84, 152) -1 -1 -1 
(84, 153) 0 -1 -1 
(85, 144) -1 -1 -1 
(85, 145) -1 -1 -1 
(85, 148) -1 -1 -1 
(85, 149) -1 -1 -1 
(85, 152) -1 -1 -1 
(85, 153) 0 -1 -1 
(86, 141) -1 -1 -1 
(86, 145) -1 -1 -1 
(86, 146) -1 -1 -1 
(86, 147) -1 -1 -1 
(86, 148) -1 -1 -1 
(86, 149) -1 -1 -1 
(86, 151) -1 -1 -1 
(86, 152) -1 -1 -1 
(86, 153) 0 -1 -1 
(87, 142) -1 -1 -1 
(87, 143) -1 -1 -1 
(87, 147) -1 -1 -1 
(87, 148) -1 -1 -1 
(87, 149) -1 -1 -1 
(87, 151) -1 -1 -1 
(87, 152) 0 -1 -1 
(87, 153) 0 -1 -1 
(88, 140) -1 -1 -1 
(88, 143) -1 -1 -1 
(88, 144) -1 -1 -1 
(88, 147) -1 -1 -1 
(88, 148) -1 -1 -1 
(88, 149) -1 -1 -1 
(88, 150) -1 -1 -1 
(88, 151) -1 -1 -1 
(88, 152) -1 -1 -1 
(88, 153) 0 -1 -1 
(89, 141) -1 -1 -1 
(89, 145) -1 -1 -1 
(89, 146) -1 -1 -1 
(89, 147) -1 -1 -1 
(89, 148) -1 -1 -1 
(89, 149) -1 -1 -1 
(89, 150) -1 -1 -1 
(89, 151) -1 -1 -1 
(89, 152) -1 -1 -1 
(89, 153) 0 -1 -1 
(90, 142) -1 -1 -1 
(90, 146) -1 -1 -1 
(90, 147) -1 -1 -1 
(90, 148) -1 -1 -1 
(90, 149) -1 -1 -1 
(90, 150) -1 -1 -1 
(90, 151) 0 -1 -1 
(90, 152) 0 -1 -1 
(90, 153) -1 -1 -1 
(91, 139) -1 -1 -1 
(91, 143) -1 -1 -1 
(91, 144) -1 -1 -1 
(91, 146) -1 -1 -1 
(91, 147) -1 -1 -1 
(91, 148) -1 -1 -1 
(91, 149) -1 -1 -1 
(91, 150) -1 -1 -1 
(91, 151) 0 -1 -1 
(91, 152) 0 -1 -1 
(92, 140) -1 -1 -1 
(92, 145) -1 -1 -1 
(92, 146) -1 -1 -1 
(92, 147) -1 -1 -1 
(92, 148) -1 -1 -1 
(92, 149) -1 -1 -1 
(92, 150) 0 -1 -1 
(92, 151) 0 -1 -1 
(92, 152) 0 -1 -1 
(93, 138) -1 -1 -1 
(93, 141) -1 -1 -1 
(93, 142) -1 -1 -1 
(93, 145) -1 -1 -1 
(93, 146) -1 -1 -1 
(93, 147) -1 -1 -1 
(93, 148) -1 -1 -1 
(93, 149) -1 -1 -1 
(93, 150) 0 -1 -1 
(93, 151) 0 -1 -1 
(93, 152) 0 -1 -1 
(94, 139) -1 -1 -1 
(94, 143) -1 -1 -1 
(94, 144) -1 -1 -1 
(94, 145) -1 -1 -1 
(94, 147) -1 -1 -1 
(94, 148) -1 -1 -1 
(94, 149) -1 -1 -1 
(94, 150) 0 -1 -1 
(94, 151) 0 -1 -1 
(94, 152) 0 -1 -1 
(95, 140) -1 -1 -1 
(95, 144) -1 -1 -1 
(95, 145) -1 -1 -1 
(95, 147) -1 -1 -1 
(95, 148) -1 -1 -1 
(95, 149) 0 -1 -1 
(95, 150) 0 -1 -1 
(95, 151) 0 -1 -1 
(95, 152) 0 -1 -1 
(96, 137) -1 -1 -1 
(96, 141) -1 -1 -1 
(96, 142) -1 -1 -1 
(96, 144) -1 -1 -1 
(96, 147) -1 -1 -1 
(96, 148) -1 -1 -1 
(96, 149) 0 -1 -1 
(96, 150) 0 -1 -1 
(96, 151) 0 -1 -1 
(96, 152) 0 -1 -1 
(97, 138) -1 -1 -1 
(97, 143) -1 -1 -1 
(97, 144) -1 -1 -1 
(97, 145) -1 0 0 
(97, 146) 1 1 1 
(97, 147) -1 -1 -1 
(97, 148) -1 -1 -1 
(97, 149) -1 -1 -1 
(97, 150) 0 -1 -1 
(97, 151) 0 -1 -1 
(97, 152) 0 -1 -1 
(98, 136) -1 -1 -1 
(98, 139) -1 -1 -1 
(98, 140) -1 -1 -1 
(98, 143) -1 -1 -1 
(98, 144) -1 -1 -1 
(98, 146) 1 1 1 
(98, 148) 0 -1 -1 
(98, 149) -1 -1 -1 
(98, 150) 0 -1 -1 
(98, 151) 0 -1 -1 
(98, 152) 0 -1 -1 
(99, 137) -1 -1 -1 
(99, 141) -1 -1 -1 
(99, 143) -1 -1 -1 
(99, 146) 1 0 0 
(99, 148) 0 -1 -1 
(99, 149) -1 -1 -1 
(99, 150) 0 -1 -1 
(99, 151) 0 -1 -1 
(99, 152) 0 -1 -1 
(100, 138) -1 -1 -1 
(100, 142) -1 -1 -1 
(100, 143) -1 -1 -1 
(100, 144) -1 0 0 
(100, 145) 1 1 1 
(100, 148) 0 -1 -1 
(100, 149) 0 -1 -1 
(100, 150) 0 -1 -1 
(100, 151) 0 -1 -1 
(100, 152) 0 -1 -1 
(101, 135) -1 -1 -1 
(101, 139) -1 -1 -1 
(101, 142) -1 -1 -1 
(101, 143) -1 -1 -1 
(101, 145) 1 1 1 
(101, 147) 0 1 1 
(101, 148) -1 0 0 
(101, 149) 0 -1 -1 
(101, 150) -1 -1 -1 
(101, 151) 0 -1 -1 
(101, 152) -1 -1 -1 
(102, 136) -1 -1 -1 
(102, 140) -1 -1 -1 
(102, 141) -1 -1 -1 
(102, 142) -1 -1 -1 
(102, 143) -1 -1 -1 
(102, 145) 1 0 0 
(102, 147) 0 1 1 
(102, 148) 0 -1 -1 
(102, 149) 0 -1 -1 
(102, 150) -1 -1 -1 
(102, 151) 0 -1 -1 
(102, 152) -1 -1 -1 
(103, 134) -1 -1 -1 
(103, 137) -1 -1 -1 
(103, 141) -1 -1 -1 
(103, 142) -1 -1 -1 
(103, 143) -1 -1 -1 
(103, 147) 1 0 0 
(103, 149) 0 -1 -1 
(103, 150) 0 -1 -1 
(103, 151) -1 -1 -1 
(103, 152) -1 -1 -1 
(104, 135) -1 -1 -1 
(104, 138) -1 -1 -1 
(104, 139) -1 -1 -1 
(104, 141) -1 -1 -1 
(104, 142) -1 -1 -1 
(104, 143) -1 -1 -1 
(104, 146) 0 1 1 
(104, 148) 0 -1 -1 
(104, 149) 0 -1 -1 
(104, 150) 0 -1 -1 
(104, 151) -1 -1 -1 
(104, 152) -1 -1 -1 
(105, 136) -1 -1 -1 
(105, 140) -1 -1 -1 
(105, 141) -1 -1 -1 
(105, 142) -1 -1 -1 
(105, 143) -1 -1 -1 
(105, 146) 0 1 1 
(105, 147) 0 -1 -1 
(105, 148) -1 0 0 
(105, 149) 0 -1 -1 
(105, 150) 0 -1 -1 
(105, 151) -1 -1 -1 
(105, 152) -1 -1 -1 
(106, 133) -1 -1 -1 
(106, 137) -1 -1 -1 
(106, 140) -1 -1 -1 
(106, 141) -1 -1 -1 
(106, 142) -1 -1 -1 
(106, 143) -1 -1 -1 
(106, 146) -1 0 0 
(106, 148) -1 -1 -1 
(106, 150) 0 -1 -1 
(106, 151) -1 -1 -1 
(107, 134) -1 -1 -1 
(107, 138) -1 -1 -1 
(107, 139) -1 -1 -1 
(107, 140) -1 -1 -1 
(107, 141) -1 -1 -1 
(107, 142) -1 -1 -1 
(107, 143) -1 -1 -1 
(107, 147) 0 -1 -1 
(107, 148) 1 0 0 
(107, 149) -1 -1 -1 
(107, 150) -1 -1 -1 
(107, 151) -1 -1 -1 
(108, 132) -1 -1 -1 
(108, 135) -1 -1 -1 
(108, 139) -1 -1 -1 
(108, 140) -1 -1 -1 
(108, 141) -1 -1 -1 
(108, 142) -1 -1 -1 
(108, 143) -1 -1 -1 
(108, 147) -1 0 0 
(108, 149) 1 1 1 
(108, 150) -1 -1 -1 
(108, 151) 0 -1 -1 
(109, 133) -1 -1 -1 
(109, 136) -1 -1 -1 
(109, 137) -1 -1 -1 
(109, 139) -1 -1 -1 
(109, 140) -1 -1 -1 
(109, 141) -1 -1 -1 
(109, 142) -1 -1 -1 
(109, 143) -1 -1 -1 
(109, 147) -1 -1 -1 
(109, 150) -1 -1 -1 
(109, 151) 0 -1 -1 
(110, 133) -1 -1 -1 
(110, 134) -1 -1 -1 
(110, 137) -1 -1 -1 
(110, 138) -1 -1 -1 
(110, 139) -1 -1 -1 
(110, 140) -1 -1 -1 
(110, 141) -1 -1 -1 
(110, 142) -1 -1 -1 
(110, 143) -1 -1 -1 
(110, 147) 1 0 0 
(110, 148) -1 -1 -1 
(110, 150) -1 -1 -1 
(110, 151) 0 -1 -1 
(111, 131) -1 -1 -1 
(111, 134) -1 -1 -1 
(111, 135) -1 -1 -1 
(111, 138) -1 -1 -1 
(111, 139) -1 -1 -1 
(111, 140) -1 -1 -1 
(111, 141) -1 -1 -1 
(111, 142) -1 -1 -1 
(111, 143) -1 -1 -1 
(111, 144) -1 -1 -1 
(111, 148) 1 1 1 
(111, 150) 0 -1 -1 
(111, 151) 0 -1 -1 
(112, 132) -1 -1 -1 
(112, 136) -1 -1 -1 
(112, 138) -1 -1 -1 
(112, 139) -1 -1 -1 
(112, 140) -1 -1 -1 
(112, 141) -1 -1 -1 
(112, 142) -1 -1 -1 
(112, 143) -1 -1 -1 
(112, 144) -1 -1 -1 
(112, 149) -1 0 0 
(112, 150) 0 -1 -1 
(112, 151) 0 -1 -1 
(113, 130) -1 -1 -1 
(113, 133) -1 -1 -1 
(113, 137) -1 -1 -1 
(113, 138) -1 -1 -1 
(113, 139) -1 -1 -1 
(113, 140) -1 -1 -1 
(113, 141) -1 -1 -1 
(113, 142) -1 -1 -1 
(113, 143) -1 -1 -1 
(113, 144) -1 -1 -1 
(113, 150) 0 -1 -1 
(113, 151) 0 -1 -1 
(114, 131) -1 -1 -1 
(114, 134) -1 -1 -1 
(114, 137) -1 -1 -1 
(114, 138) -1 -1 -1 
(114, 139) -1 -1 -1 
(114, 140) -1 -1 -1 
(114, 141) -1 -1 -1 
(114, 142) -1 -1 -1 
(114, 143) -1 -1 -1 
(114, 144) -1 -1 -1 
(114, 149) -1 -1 -1 
(114, 150) -1 -1 -1 
(114, 151) 0 -1 -1 
(115, 131) -1 -1 -1 
(115, 132) -1 -1 -1 
(115, 135) -1 -1 -1 
(115, 136) -1 -1 -1 
(115, 137) -1 -1 -1 
(115, 138) -1 -1 -1 
(115, 139) -1 -1 -1 
(115, 140) -1 -1 -1 
(115, 141) -1 -1 -1 
(115, 142) -1 -1 -1 
(115, 143) -1 -1 -1 
(115, 144) -1 -1 -1 
(115, 145) -1 -1 -1 
(115, 148) -1 0 0 
(115, 149) 1 0 0 
(115, 150) 1 0 0 
(115, 151) 0 -1 -1 
(116, 129) -1 -1 -1 
(116, 132) -1 -1 -1 
(116, 133) -1 -1 -1 
(116, 136) -1 -1 -1 
(116, 137) -1 -1 -1 
(116, 138) -1 -1 -1 
(116, 139) -1 -1 -1 
(116, 140) -1 -1 -1 
(116, 142) -1 -1 -1 
(116, 143) -1 -1 -1 
(116, 144) -1 -1 -1 
(116, 145) -1 -1 -1 
(116, 151) 0 -1 -1 
(117, 130) -1 -1 -1 
(117, 133) -1 -1 -1 
(117, 134) -1 -1 -1 
(117, 136) -1 -1 -1 
(117, 137) -1 -1 -1 
(117, 138) -1 -1 -1 
(117, 139) -1 -1 -1 
(117, 140) -1 -1 -1 
(117, 142) -1 -1 -1 
(117, 143) -1 -1 -1 
(117, 144) -1 -1 -1 
(117, 145) -1 -1 -1 
(117, 148) -1 -1 -1 
(117, 149) 0 -1 -1 
(117, 150) -1 0 0 
(117, 151) 0 -1 -1 
(118, 128) -1 -1 -1 
(118, 131) -1 -1 -1 
(118, 135) -1 -1 -1 
(118, 136) -1 -1 -1 
(118, 137) -1 -1 -1 
(118, 138) -1 -1 -1 
(118, 139) -1 -1 -1 
(118, 140) -1 -1 -1 
(118, 142) -1 -1 -1 
(118, 143) -1 -1 -1 
(118, 144) -1 -1 -1 
(118, 145) -1 -1 -1 
(118, 148) 1 0 0 
(118, 149) 1 0 0 
(118, 150) 1 1 1 
(118, 151) 0 -1 -1 
(119, 129) -1 -1 -1 
(119, 132) -1 -1 -1 
(119, 135) -1 -1 -1 
(119, 136) -1 -1 -1 
(119, 137) -1 -1 -1 
(119, 138) -1 -1 -1 
(119, 139) -1 -1 -1 
(119, 142) -1 -1 -1 
(119, 143) -1 -1 -1 
(119, 144) -1 -1 -1 
(119, 145) -1 -1 -1 
(119, 146) -1 -1 -1 
(119, 149) 0 1 1 
(119, 151) -1 -1 -1 
(120, 127) -1 -1 -1 
(120, 129) -1 -1 -1 
(120, 133) -1 -1 -1 
(120, 135) -1 -1 -1 
(120, 136) -1 -1 -1 
(120, 137) -1 -1 -1 
(120, 138) -1 -1 -1 
(120, 139) -1 -1 -1 
(120, 142) -1 -1 -1 
(120, 143) -1 -1 -1 
(120, 144) -1 -1 -1 
(120, 145) -1 -1 -1 
(120, 146) -1 -1 -1 
(120, 149) -1 0 0 
(120, 150) 0 -1 -1 
(121, 127) -1 -1 -1 
(121, 130) -1 -1 -1 
(121, 134) -1 -1 -1 
(121, 135) -1 -1 -1 
(121, 136) -1 -1 -1 
(121, 137) -1 -1 -1 
(121, 138) -1 -1 -1 
(121, 139) -1 -1 -1 
(121, 142) -1 -1 -1 
(121, 143) -1 -1 -1 
(121, 144) -1 -1 -1 
(121, 145) -1 -1 -1 
(121, 146) -1 -1 -1 
(121, 149) 1 1 1 
(122, 128) -1 -1 -1 
(122, 131) -1 -1 -1 
(122, 134) -1 -1 -1 
(122, 135) -1 -1 -1 
(122, 136) -1 -1 -1 
(122, 137) -1 -1 -1 
(122, 138) -1 -1 -1 
(122, 142) -1 -1 -1 
(122, 143) -1 -1 -1 
(122, 144) -1 -1 -1 
(122, 145) -1 -1 -1 
(122, 146) -1 -1 -1 
(122, 150) -1 -1 -1 
(123, 126) -1 -1 -1 
(123, 129) -1 -1 -1 
(123, 132) -1 -1 -1 
(123, 133) -1 -1 -1 
(123, 134) -1 -1 -1 
(123, 135) -1 -1 -1 
(123, 136) -1 -1 -1 
(123, 137) -1 -1 -1 
(123, 138) -1 -1 -1 
(123, 142) -1 -1 -1 
(123, 143) -1 -1 -1 
(123, 144) -1 -1 -1 
(123, 145) -1 -1 -1 
(123, 146) -1 -1 -1 
(123, 149) 0 -1 -1 
(124, 127) -1 -1 -1 
(124, 130) -1 -1 -1 
(124, 133) -1 -1 -1 
(124, 134) -1 -1 -1 
(124, 135) -1 -1 -1 
(124, 136) -1 -1 -1 
(124, 137) -1 -1 -1 
(124, 138) -1 -1 -1 
(124, 142) -1 -1 -1 
(124, 143) -1 -1 -1 
(124, 144) -1 -1 -1 
(124, 145) -1 -1 -1 
(124, 146) -1 -1 -1 
(124, 150) -1 -1 -1 
(125, 125) -1 -1 -1 
(125, 127) -1 -1 -1 
(125, 131) -1 -1 -1 
(125, 133) -1 -1 -1 
(125, 134) -1 -1 -1 
(125, 135) -1 -1 -1 
(125, 136) -1 -1 -1 
(125, 137) -1 -1 -1 
(125, 142) -1 -1 -1 
(125, 143) -1 -1 -1 
(125, 144) -1 -1 -1 
(125, 145) -1 -1 -1 
(125, 146) -1 -1 -1 
(125, 149) -1 -1 -1 
(125, 150) -1 -1 -1 
(126, 125) -1 -1 -1 
(126, 128) -1 -1 -1 
(126, 132) -1 -1 -1 
(126, 133) -1 -1 -1 
(126, 134) -1 -1 -1 
(126, 135) -1 -1 -1 
(126, 136) -1 -1 -1 
(126, 137) -1 -1 -1 
(126, 142) -1 -1 -1 
(126, 143) -1 -1 -1 
(126, 144) -1 -1 -1 
(126, 145) -1 -1 -1 
(126, 146) -1 -1 -1 
(126, 150) -1 -1 -1 
(127, 126) -1 -1 -1 
(127, 129) -1 -1 -1 
(127, 132) -1 -1 -1 
(127, 133) -1 -1 -1 
(127, 134) -1 -1 -1 
(127, 135) -1 -1 -1 
(127, 136) -1 -1 -1 
(127, 142) -1 -1 -1 
(127, 143) -1 -1 -1 
(127, 144) -1 -1 -1 
(127, 145) -1 -1 -1 
(127, 146) -1 -1 -1 
(127, 149) -1 -1 -1 
(127, 150) -1 -1 -1 
(128, 124) -1 -1 -1 
(128, 127) -1 -1 -1 
(128, 130) -1 -1 -1 
(128, 132) -1 -1 -1 
(128, 133) -1 -1 -1 
(128, 134) -1 -1 -1 
(128, 135) -1 -1 -1 
(128, 136) -1 -1 -1 
(128, 142) -1 -1 -1 
(128, 143) -1 -1 -1 
(128, 144) -1 -1 -1 
(128, 145) -1 -1 -1 
(128, 146) -1 -1 -1 
(128, 149) 0 1 1 
(128, 150) -1 -1 -1 
(129, 125) -1 -1 -1 
(129, 128) -1 -1 -1 
(129, 131) -1 -1 -1 
(129, 132) -1 -1 -1 
(129, 133) -1 -1 -1 
(129, 134) -1 -1 -1 
(129, 135) -1 -1 -1 
(129, 136) -1 -1 -1 
(129, 142) -1 -1 -1 
(129, 143) -1 -1 -1 
(129, 144) -1 -1 -1 
(129, 145) -1 -1 -1 
(129, 146) -1 -1 -1 
(130, 123) -1 -1 -1 
(130, 125) -1 -1 -1 
(130, 128) -1 -1 -1 
(130, 129) -1 -1 -1 
(130, 131) -1 -1 -1 
(130, 132) -1 -1 -1 
(130, 133) -1 -1 -1 
(130, 134) -1 -1 -1 
(130, 135) -1 -1 -1 
(130, 142) -1 -1 -1 
(130, 143) -1 -1 -1 
(130, 144) -1 -1 -1 
(130, 145) -1 -1 -1 
(130, 146) 0 -1 -1 
(130, 149) -1 0 0 
(131, 123) -1 -1 -1 
(131, 126) -1 -1 -1 
(131, 129) -1 -1 -1 
(131, 130) -1 -1 -1 
(131, 131) -1 -1 -1 
(131, 132) -1 -1 -1 
(131, 133) -1 -1 -1 
(131, 134) -1 -1 -1 
(131, 135) -1 -1 -1 
(131, 142) -1 -1 -1 
(131, 143) -1 -1 -1 
(131, 144) -1 -1 -1 
(131, 145) -1 -1 -1 
(131, 146) 0 -1 -1 
(131, 149) 0 -1 -1 
(132, 124) -1 -1 -1 
(132, 127) -1 -1 -1 
(132, 130) -1 -1 -1 
(132, 131) -1 -1 -1 
(132, 132) -1 -1 -1 
(132, 133) -1 -1 -1 
(132, 134) -1 -1 -1 
(132, 135) -1 -1 -1 
(132, 141) -1 -1 -1 
(132, 142) -1 -1 -1 
(132, 143) -1 -1 -1 
(132, 144) -1 -1 -1 
(132, 145) -1 -1 -1 
(132, 146) 0 -1 -1 
(132, 148) 0 -1 -1 
(133, 122) -1 -1 -1 
(133, 125) -1 -1 -1 
(133, 128) -1 -1 -1 
(133, 130) -1 -1 -1 
(133, 131) -1 -1 -1 
(133, 132) -1 -1 -1 
(133, 133) -1 -1 -1 
(133, 134) -1 -1 -1 
(133, 141) -1 -1 -1 
(133, 142) -1 -1 -1 
(133, 143) -1 -1 -1 
(133, 144) -1 -1 -1 
(133, 145) -1 -1 -1 
(134, 123) -1 -1 -1 
(134, 125) -1 -1 -1 
(134, 129) -1 -1 -1 
(134, 130) -1 -1 -1 
(134, 131) -1 -1 -1 
(134, 132) -1 -1 -1 
(134, 133) -1 -1 -1 
(134, 134) -1 -1 -1 
(134, 141) -1 -1 -1 
(134, 142) -1 -1 -1 
(134, 143) -1 -1 -1 
(134, 144) -1 -1 -1 
(134, 145) -1 -1 -1 
(135, 121) -1 -1 -1 
(135, 123) -1 -1 -1 
(135, 126) -1 -1 -1 
(135, 129) -1 -1 -1 
(135, 130) -1 -1 -1 
(135, 131) -1 -1 -1 
(135, 132) -1 -1 -1 
(135, 133) -1 -1 -1 
(135, 134) -1 -1 -1 
(135, 141) -1 -1 -1 
(135, 142) -1 -1 -1 
(135, 143) -1 -1 -1 
(135, 144) -1 -1 -1 
(135, 145) -1 -1 -1 
(135, 148) 0 -1 -1 
(136, 121) -1 -1 -1 
(136, 124) -1 -1 -1 
(136, 127) -1 -1 -1 
(136, 129) -1 -1 -1 
(136, 130) -1 -1 -1 
(136, 131) -1 -1 -1 
(136, 132) -1 -1 -1 
(136, 133) -1 -1 -1 
(136, 141) -1 -1 -1 
(136, 142) -1 -1 -1 
(136, 143) -1 -1 -1 
(136, 144) -1 -1 -1 
(136, 145) -1 -1 -1 
(137, 122) -1 -1 -1 
(137, 125) -1 -1 -1 
(137, 128) -1 -1 -1 
(137, 129) -1 -1 -1 
(137, 130) -1 -1 -1 
(137, 131) -1 -1 -1 
(137, 132) -1 -1 -1 
(137, 133) -1 -1 -1 
(137, 141) -1 -1 -1 
(137, 142) -1 -1 -1 
(137, 143) -1 -1 -1 
(137, 144) -1 -1 -1 
(138, 120) -1 -1 -1 
(138, 123) -1 -1 -1 
(138, 126) -1 -1 -1 
(138, 128) -1 -1 -1 
(138, 129) -1 -1 -1 
(138, 130) -1 -1 -1 
(138, 131) -1 -1 -1 
(138, 132) -1 -1 -1 
(138, 133) -1 -1 -1 
(138, 141) -1 -1 -1 
(138, 142) -1 -1 -1 
(138, 143) -1 -1 -1 
(138, 144) -1 -1 -1 
(139, 123) -1 -1 -1 
(139, 127) -1 -1 -1 
(139, 128) -1 -1 -1 
(139, 129) -1 -1 -1 
(139, 130) -1 -1 -1 
(139, 131) -1 -1 -1 
(139, 132) -1 -1 -1 
(139, 141) -1 -1 -1 
(139, 142) -1 -1 -1 
(139, 143) -1 -1 -1 
(139, 147) 0 1 1 
(140, 119) -1 -1 -1 
(140, 121) -1 -1 -1 
(140, 124) -1 -1 -1 
(140, 127) -1 -1 -1 
(140, 128) -1 -1 -1 
(140, 129) -1 -1 -1 
(140, 130) -1 -1 -1 
(140, 131) -1 -1 -1 
(140, 132) -1 -1 -1 
(140, 141) -1 -1 -1 
(140, 142) -1 -1 -1 
(140, 143) -1 -1 -1 
(141, 119) -1 -1 -1 
(141, 122) -1 -1 -1 
(141, 125) -1 -1 -1 
(141, 127) -1 -1 -1 
(141, 128) -1 -1 -1 
(141, 129) -1 -1 -1 
(141, 130) -1 -1 -1 
(141, 131) -1 -1 -1 
(141, 141) -1 -1 -1 
(141, 142) -1 -1 -1 
(142, 120) -1 -1 -1 
(142, 123) -1 -1 -1 
(142, 126) -1 -1 -1 
(142, 127) -1 -1 -1 
(142, 128) -1 -1 -1 
(142, 129) -1 -1 -1 
(142, 130) -1 -1 -1 
(142, 131) -1 -1 -1 
(142, 141) -1 -1 -1 
(142, 142) -1 -1 -1 
(143, 118) -1 -1 -1 
(143, 123) -1 -1 -1 
(143, 124) -1 -1 -1 
(143, 126) -1 -1 -1 
(143, 127) -1 -1 -1 
(143, 128) -1 -1 -1 
(143, 129) -1 -1 -1 
(143, 130) -1 -1 -1 
(143, 131) -1 -1 -1 
(143, 141) -1 -1 -1 
(143, 142) -1 -1 -1 
(144, 121) -1 -1 -1 
(144, 124) -1 -1 -1 
(144, 126) -1 -1 -1 
(144, 127) -1 -1 -1 
(144, 128) -1 -1 -1 
(144, 129) -1 -1 -1 
(144, 130) -1 -1 -1 
(144, 141) -1 -1 -1 
(145, 117) -1 -1 -1 
(145, 119) -1 -1 -1 
(145, 122) -1 -1 -1 
(145, 125) -1 -1 -1 
(145, 126) -1 -1 -1 
(145, 127) -1 -1 -1 
(145, 128) -1 -1 -1 
(145, 129) -1 -1 -1 
(145, 130) -1 -1 -1 
(145, 141) -1 -1 -1 
(146, 117) -1 -1 -1 
(146, 120) -1 -1 -1 
(146, 123) -1 -1 -1 
(146, 125) -1 -1 -1 
(146, 126) -1 -1 -1 
(146, 127) -1 -1 -1 
(146, 128) -1 -1 -1 
(146, 129) -1 -1 -1 
(146, 130) -1 -1 -1 
(146, 141) -1 -1 -1 
(147, 118) -1 -1 -1 
(147, 121) -1 -1 -1 
(147, 124) -1 -1 -1 
(147, 125) -1 -1 -1 
(147, 126) -1 -1 -1 
(147, 127) -1 -1 -1 
(147, 128) -1 -1 -1 
(147, 129) -1 -1 -1 
(147, 141) -1 -1 -1 
(148, 116) -1 -1 -1 
(148, 121) -1 -1 -1 
(148, 124) -1 -1 -1 
(148, 125) -1 -1 -1 
(148, 126) -1 -1 -1 
(148, 127) -1 -1 -1 
(148, 128) -1 -1 -1 
(148, 129) -1 -1 -1 
(148, 141) -1 -1 -1 
(149, 119) -1 -1 -1 
(149, 122) -1 -1 -1 
(149, 124) -1 -1 -1 
(149, 125) -1 -1 -1 
(149, 126) -1 -1 -1 
(149, 127) -1 -1 -1 
(149, 128) -1 -1 -1 
(149, 129) -1 -1 -1 
(149, 141) -1 -1 -1 
(150, 115) -1 -1 -1 
(150, 117) -1 -1 -1 
(150, 120) -1 -1 -1 
(150, 123) -1 -1 -1 
(150, 124) -1 -1 -1 
(150, 125) -1 -1 -1 
(150, 126) -1 -1 -1 
(150, 127) -1 -1 -1 
(150, 128) -1 -1 -1 
(150, 141) -1 -1 -1 
(151, 115) -1 -1 -1 
(151, 118) -1 -1 -1 
(151, 121) -1 -1 -1 
(151, 123) -1 -1 -1 
(151, 124) -1 -1 -1 
(151, 125) -1 -1 -1 
(151, 126) -1 -1 -1 
(151, 127) -1 -1 -1 
(151, 128) -1 -1 -1 
(151, 141) -1 -1 -1 
(151, 143) -1 -1 -1 
(152, 116) -1 -1 -1 
(152, 118) -1 -1 -1 
(152, 121) -1 -1 -1 
(152, 122) -1 -1 -1 
(152, 123) -1 -1 -1 
(152, 124) -1 -1 -1 
(152, 125) -1 -1 -1 
(152, 126) -1 -1 -1 
(152, 127) -1 -1 -1 
(152, 128) -1 -1 -1 
(152, 140) -1 -1 -1 
(152, 141) -1 -1 -1 
(153, 114) -1 -1 -1 
(153, 116) -1 -1 -1 
(153, 119) -1 -1 -1 
(153, 122) -1 -1 -1 
(153, 123) -1 -1 -1 
(153, 124) -1 -1 -1 
(153, 125) -1 -1 -1 
(153, 126) -1 -1 -1 
(153, 127) -1 -1 -1 
(153, 140) -1 -1 -1 
(153, 141) -1 -1 -1 
(153, 142) -1 -1 -1 
(154, 117) -1 -1 -1 
(154, 120) -1 -1 -1 
(154, 122) -1 -1 -1 
(154, 123) -1 -1 -1 
(154, 124) -1 -1 -1 
(154, 125) -1 -1 -1 
(154, 126) -1 -1 -1 
(154, 127) -1 -1 -1 
(154, 140) -1 -1 -1 
(154, 141) -1 -1 -1 
(154, 142) -1 -1 -1 
(155, 113) -1 -1 -1 
(155, 115) -1 -1 -1 
(155, 118) -1 -1 -1 
(155, 121) -1 -1 -1 
(155, 122) -1 -1 -1 
(155, 123) -1 -1 -1 
(155, 124) -1 -1 -1 
(155, 125) -1 -1 -1 
(155, 126) -1 -1 -1 
(155, 139) -1 -1 -1 
(155, 140) -1 -1 -1 
(155, 141) -1 -1 -1 
(156, 113) -1 -1 -1 
(156, 116) -1 -1 -1 
(156, 118) -1 -1 -1 
(156, 121) -1 -1 -1 
(156, 122) -1 -1 -1 
(156, 123) -1 -1 -1 
(156, 124) -1 -1 -1 
(156, 125) -1 -1 -1 
(156, 126) -1 -1 -1 
(156, 139) -1 -1 -1 
(156, 140) -1 -1 -1 
(156, 141) -1 -1 -1 
(157, 114) -1 -1 -1 
(157, 116) -1 -1 -1 
(157, 119) -1 -1 -1 
(157, 121) -1 -1 -1 
(157, 122) -1 -1 -1 
(157, 123) -1 -1 -1 
(157, 124) -1 -1 -1 
(157, 125) -1 -1 -1 
(157, 126) -1 -1 -1 
(157, 139) -1 -1 -1 
(157, 140) -1 -1 -1 
(157, 141) -1 -1 -1 
(158, 112) -1 -1 -1 
(158, 114) -1 -1 -1 
(158, 117) -1 -1 -1 
(158, 120) -1 -1 -1 
(158, 121) -1 -1 -1 
(158, 122) -1 -1 -1 
(158, 123) -1 -1 -1 
(158, 124) -1 -1 -1 
(158, 125) -1 -1 -1 
(158, 138) -1 -1 -1 
(158, 139) -1 -1 -1 
(158, 140) -1 -1 -1 
(159, 115) -1 -1 -1 
(159, 118) -1 -1 -1 
(159, 120) -1 -1 -1 
(159, 121) -1 -1 -1 
(159, 122) -1 -1 -1 
(159, 123) -1 -1 -1 
(159, 124) -1 -1 -1 
(159, 125) -1 -1 -1 
(159, 138) -1 -1 -1 
(159, 139) -1 -1 -1 
(159, 140) -1 -1 -1 
(160, 111) -1 -1 -1 
(160, 113) -1 -1 -1 
(160, 116) -1 -1 -1 
(160, 119) -1 -1 -1 
(160, 120) -1 -1 -1 
(160, 121) -1 -1 -1 
(160, 122) -1 -1 -1 
(160, 123) -1 -1 -1 
(160, 124) -1 -1 -1 
(160, 125) -1 -1 -1 
(160, 138) -1 -1 -1 
(160, 139) -1 -1 -1 
(160, 140) -1 -1 -1 
(161, 111) -1 -1 -1 
(161, 114) -1 -1 -1 
(161, 116) -1 -1 -1 
(161, 119) -1 -1 -1 
(161, 120) -1 -1 -1 
(161, 121) -1 -1 -1 
(161, 122) -1 -1 -1 
(161, 123) -1 -1 -1 
(161, 124) -1 -1 -1 
(161, 137) -1 -1 -1 
(161, 138) -1 -1 -1 
(161, 139) -1 -1 -1 
(162, 112) -1 -1 -1 
(162, 114) -1 -1 -1 
(162, 117) -1 -1 -1 
(162, 119) -1 -1 -1 
(162, 120) -1 -1 -1 
(162, 121) -1 -1 -1 
(162, 122) -1 -1 -1 
(162, 123) -1 -1 -1 
(162, 124) -1 -1 -1 
(162, 137) -1 -1 -1 
(162, 138) -1 -1 -1 
(162, 139) -1 -1 -1 
(163, 110) -1 -1 -1 
(163, 112) -1 -1 -1 
(163, 115) -1 -1 -1 
(163, 118) -1 -1 -1 
(163, 119) -1 -1 -1 
(163, 120) -1 -1 -1 
(163, 121) -1 -1 -1 
(163, 122) -1 -1 -1 
(163, 123) -1 -1 -1 
(163, 124) -1 -1 -1 
(163, 137) -1 -1 -1 
(163, 138) -1 -1 -1 
(163, 139) -1 -1 -1 
(164, 113) -1 -1 -1 
(164, 116) -1 -1 -1 
(164, 118) -1 -1 -1 
(164, 119) -1 -1 -1 
(164, 120) -1 -1 -1 
(164, 121) -1 -1 -1 
(164, 122) -1 -1 -1 
(164, 123) -1 -1 -1 
(164, 136) -1 -1 -1 
(164, 137) -1 -1 -1 
(164, 138) -1 -1 -1 
(165, 109) -1 -1 -1 
(165, 111) -1 -1 -1 
(165, 116) -1 -1 -1 
(165, 118) -1 -1 -1 
(165, 119) -1 -1 -1 
(165, 120) -1 -1 -1 
(165, 121) -1 -1 -1 
(165, 122) -1 -1 -1 
(165, 123) -1 -1 -1 
(165, 136) -1 -1 -1 
(165, 137) -1 -1 -1 
(165, 138) -1 -1 -1 
(166, 109) -1 -1 -1 
(166, 114) -1 -1 -1 
(166, 117) -1 -1 -1 
(166, 118) -1 -1 -1 
(166, 119) -1 -1 -1 
(166, 120) -1 -1 -1 
(166, 121) -1 -1 -1 
(166, 122) -1 -1 -1 
(166, 136) -1 -1 -1 
(166, 137) -1 -1 -1 
(166, 138) -1 -1 -1 
(167, 110) -1 -1 -1 
(167, 112) -1 -1 -1 
(167, 115) -1 -1 -1 
(167, 117) -1 -1 -1 
(167, 118) -1 -1 -1 
(167, 119) -1 -1 -1 
(167, 120) -1 -1 -1 
(167, 121) -1 -1 -1 
(167, 122) -1 -1 -1 
(167, 135) -1 -1 -1 
(167, 136) -1 -1 -1 
(167, 137) -1 -1 -1 
(167, 138) -1 -1 -1 
(168, 108) -1 -1 -1 
(168, 110) -1 -1 -1 
(168, 113) -1 -1 -1 
(168, 116) -1 -1 -1 
(168, 117) -1 -1 -1 
(168, 118) -1 -1 -1 
(168, 119) -1 -1 -1 
(168, 120) -1 -1 -1 
(168, 121) -1 -1 -1 
(168, 122) -1 -1 -1 
(168, 135) -1 -1 -1 
(168, 136) -1 -1 -1 
(168, 137) -1 -1 -1 
(169, 111) -1 -1 -1 
(169, 113) -1 -1 -1 
(169, 116) -1 -1 -1 
(169, 117) -1 -1 -1 
(169, 118) -1 -1 -1 
(169, 119) -1 -1 -1 
(169, 120) -1 -1 -1 
(169, 121) -1 -1 -1 
(169, 135) -1 -1 -1 
(169, 136) -1 -1 -1 
(169, 137) -1 -1 -1 
(170, 107) -1 -1 -1 
(170, 109) -1 -1 -1 
(170, 114) -1 -1 -1 
(170, 116) -1 -1 -1 
(170, 117) -1 -1 -1 
(170, 118) -1 -1 -1 
(170, 119) -1 -1 -1 
(170, 120) -1 -1 -1 
(170, 121) -1 -1 -1 
(170, 135) -1 -1 -1 
(170, 136) -1 -1 -1 
(170, 137) -1 -1 -1 
(171, 107) -1 -1 -1 
(171, 112) -1 -1 -1 
(171, 115) -1 -1 -1 
(171, 116) -1 -1 -1 
(171, 117) -1 -1 -1 
(171, 118) -1 -1 -1 
(171, 119) -1 -1 -1 
(171, 120) -1 -1 -1 
(171, 121) -1 -1 -1 
(171, 134) -1 -1 -1 
(171, 135) -1 -1 -1 
(171, 136) -1 -1 -1 
(172, 108) -1 -1 -1 
(172, 110) -1 -1 -1 
(172, 113) -1 -1 -1 
(172, 115) -1 -1 -1 
(172, 116) -1 -1 -1 
(172, 117) -1 -1 -1 
(172, 118) -1 -1 -1 
(172, 119) -1 -1 -1 
(172, 120) -1 -1 -1 
(172, 134) -1 -1 -1 
(172, 135) -1 -1 -1 
(172, 136) -1 -1 -1 
(173, 106) -1 -1 -1 
(173, 108) -1 -1 -1 
(173, 111) -1 -1 -1 
(173, 113) -1 -1 -1 
(173, 115) -1 -1 -1 
(173, 116) -1 -1 -1 
(173, 117) -1 -1 -1 
(173, 118) -1 -1 -1 
(173, 119) -1 -1 -1 
(173, 120) -1 -1 -1 
(173, 134) -1 -1 -1 
(173, 135) -1 -1 -1 
(173, 136) -1 -1 -1 
(174, 109) -1 -1 -1 
(174, 111) -1 -1 -1 
(174, 114) -1 -1 -1 
(174, 115) -1 -1 -1 
(174, 116) -1 -1 -1 
(174, 117) -1 -1 -1 
(174, 118) -1 -1 -1 
(174, 119) -1 -1 -1 
(174, 120) -1 -1 -1 
(174, 133) -1 -1 -1 
(174, 134) -1 -1 -1 
(174, 135) -1 -1 -1 
(175, 105) -1 -1 -1 
(175, 107) -1 -1 -1 
(175, 109) -1 -1 -1 
(175, 112) -1 -1 -1 
(175, 114) -1 -1 -1 
(175, 115) -1 -1 -1 
(175, 116) -1 -1 -1 
(175, 117) -1 -1 -1 
(175, 118) -1 -1 -1 
(175, 119) -1 -1 -1 
(175, 133) -1 -1 -1 
(175, 134) -1 -1 -1 
(175, 135) -1 -1 -1 
(176, 105) -1 -1 -1 
(176, 110) -1 -1 -1 
(176, 113) -1 -1 -1 
(176, 114) -1 -1 -1 
(176, 115) -1 -1 -1 
(176, 116) -1 -1 -1 
(176, 117) -1 -1 -1 
(176, 118) -1 -1 -1 
(176, 119) -1 -1 -1 
(176, 133) -1 -1 -1 
(176, 134) -1 -1 -1 
(176, 135) -1 -1 -1 
(177, 106) -1 -1 -1 
(177, 108) -1 -1 -1 
(177, 111) -1 -1 -1 
(177, 113) -1 -1 -1 
(177, 114) -1 -1 -1 
(177, 115) -1 -1 -1 
(177, 116) -1 -1 -1 
(177, 117) -1 -1 -1 
(177, 118) -1 -1 -1 
(177, 119) -1 -1 -1 
(177, 132) -1 -1 -1 
(177, 133) -1 -1 -1 
(177, 134) -1 -1 -1 
(178, 104) -1 -1 -1 
(178, 106) -1 -1 -1 
(178, 109) -1 -1 -1 
(178, 111) -1 -1 -1 
(178, 113) -1 -1 -1 
(178, 114) -1 -1 -1 
(178, 115) -1 -1 -1 
(178, 116) -1 -1 -1 
(178, 117) -1 -1 -1 
(178, 118) -1 -1 -1 
(178, 132) -1 -1 -1 
(178, 133) -1 -1 -1 
(178, 134) -1 -1 -1 
(179, 107) -1 -1 -1 
(179, 109) -1 -1 -1 
(179, 112) -1 -1 -1 
(179, 113) -1 -1 -1 
(179, 114) -1 -1 -1 
(179, 115) -1 -1 -1 
(179, 116) -1 -1 -1 
(179, 117) -1 -1 -1 
(179, 118) -1 -1 -1 
(179, 132) -1 -1 -1 
(179, 133) -1 -1 -1 
(179, 134) -1 -1 -1 
(180, 103) -1 -1 -1 
(180, 105) -1 -1 -1 
(180, 107) -1 -1 -1 
(180, 110) -1 -1 -1 
(180, 112) -1 -1 -1 
(180, 113) -1 -1 -1 
(180, 114) -1 -1 -1 
(180, 115) -1 -1 -1 
(180, 116) -1 -1 -1 
(180, 117) -1 -1 -1 
(180, 131) -1 -1 -1 
(180, 132) -1 -1 -1 
(180, 133) -1 -1 -1 
(181, 103) -1 -1 -1 
(181, 108) -1 -1 -1 
(181, 112) -1 -1 -1 
(181, 113) -1 -1 -1 
(181, 114) -1 -1 -1 
(181, 115) -1 -1 -1 
(181, 116) -1 -1 -1 
(181, 117) -1 -1 -1 
(181, 131) -1 -1 -1 
(181, 132) -1 -1 -1 
(181, 133) -1 -1 -1 
(182, 104) -1 -1 -1 
(182, 106) -1 -1 -1 
(182, 108) -1 -1 -1 
(182, 111) -1 -1 -1 
(182, 112) -1 -1 -1 
(182, 113) -1 -1 -1 
(182, 114) -1 -1 -1 
(182, 115) -1 -1 -1 
(182, 116) -1 -1 -1 
(182, 117) -1 -1 -1 
(182, 131) -1 -1 -1 
(182, 132) -1 -1 -1 
(182, 133) -1 -1 -1 
(183, 102) -1 -1 -1 
(183, 104) -1 -1 -1 
(183, 109) -1 -1 -1 
(183, 111) -1 -1 -1 
(183, 112) -1 -1 -1 
(183, 113) -1 -1 -1 
(183, 114) -1 -1 -1 
(183, 115) -1 -1 -1 
(183, 116) -1 -1 -1 
(183, 130) -1 -1 -1 
(183, 131) -1 -1 -1 
(183, 132) -1 -1 -1 
(183, 133) -1 -1 -1 
(184, 105) -1 -1 -1 
(184, 107) -1 -1 -1 
(184, 110) -1 -1 -1 
(184, 111) -1 -1 -1 
(184, 112) -1 -1 -1 
(184, 113) -1 -1 -1 
(184, 114) -1 -1 -1 
(184, 115) -1 -1 -1 
(184, 116) -1 -1 -1 
(184, 130) -1 -1 -1 
(184, 131) -1 -1 -1 
(184, 132) -1 -1 -1 
(185, 101) -1 -1 -1 
(185, 103) -1 -1 -1 
(185, 105) -1 -1 -1 
(185, 108) -1 -1 -1 
(185, 110) -1 -1 -1 
(185, 111) -1 -1 -1 
(185, 112) -1 -1 -1 
(185, 113) -1 -1 -1 
(185, 114) -1 -1 -1 
(185, 115) -1 -1 -1 
(185, 116) -1 -1 -1 
(185, 130) -1 -1 -1 
(185, 131) -1 -1 -1 
(185, 132) -1 -1 -1 
(186, 101) -1 -1 -1 
(186, 106) -1 -1 -1 
(186, 108) -1 -1 -1 
(186, 110) -1 -1 -1 
(186, 111) -1 -1 -1 
(186, 112) -1 -1 -1 
(186, 113) -1 -1 -1 
(186, 114) -1 -1 -1 
(186, 115) -1 -1 -1 
(186, 129) -1 -1 -1 
(186, 130) -1 -1 -1 
(186, 131) -1 -1 -1 
(186, 132) -1 -1 -1 
(187, 102) -1 -1 -1 
(187, 104) -1 -1 -1 
(187, 106) -1 -1 -1 
(187, 109) -1 -1 -1 
(187, 110) -1 -1 -1 
(187, 111) -1 -1 -1 
(187, 112) -1 -1 -1 
(187, 113) -1 -1 -1 
(187, 114) -1 -1 -1 
(187, 115) -1 -1 -1 
(187, 129) -1 -1 -1 
(187, 130) -1 -1 -1 
(187, 131) -1 -1 -1 
(188, 100) -1 -1 -1 
(188, 102) -1 -1 -1 
(188, 107) -1 -1 -1 
(188, 109) -1 -1 -1 
(188, 110) -1 -1 -1 
(188, 111) -1 -1 -1 
(188, 112) -1 -1 -1 
(188, 113) -1 -1 -1 
(188, 114) -1 -1 -1 
(188, 115) -1 -1 -1 
(188, 129) -1 -1 -1 
(188, 130) -1 -1 -1 
(188, 131) -1 -1 -1 
(189, 103) -1 -1 -1 
(189, 105) -1 -1 -1 
(189, 109) -1 -1 -1 
(189, 110) -1 -1 -1 
(189, 111) -1 -1 -1 
(189, 112) -1 -1 -1 
(189, 113) -1 -1 -1 
(189, 114) -1 -1 -1 
(189, 128) -1 -1 -1 
(189, 129) -1 -1 -1 
(189, 130) -1 -1 -1 
(189, 131) -1 -1 -1 
(190, 99) -1 -1 -1 
(190, 101) -1 -1 -1 
(190, 103) -1 -1 -1 
(190, 108) -1 -1 -1 
(190, 109) -1 -1 -1 
(190, 110) -1 -1 -1 
(190, 111) -1 -1 -1 
(190, 112) -1 -1 -1 
(190, 113) -1 -1 -1 
(190, 114) -1 -1 -1 
(190, 128) -1 -1 -1 
(190, 129) -1 -1 -1 
(190, 130) -1 -1 -1 
(191, 99) -1 -1 -1 
(191, 104) -1 -1 -1 
(191, 106) -1 -1 -1 
(191, 108) -1 -1 -1 
(191, 109) -1 -1 -1 
(191, 110) -1 -1 -1 
(191, 111) -1 -1 -1 
(191, 112) -1 -1 -1 
(191, 113) -1 -1 -1 
(191, 114) -1 -1 -1 
(191, 128) -1 -1 -1 
(191, 129) -1 -1 -1 
(191, 130) -1 -1 -1 
(192, 98) -1 -1 -1 
(192, 100) -1 -1 -1 
(192, 102) -1 -1 -1 
(192, 104) -1 -1 -1 
(192, 107) -1 -1 -1 
(192, 108) -1 -1 -1 
(192, 109) -1 -1 -1 
(192, 110) -1 -1 -1 
(192, 111) -1 -1 -1 
(192, 112) -1 -1 -1 
(192, 113) -1 -1 -1 
(192, 127) -1 -1 -1 
(192, 128) -1 -1 -1 
(192, 129) -1 -1 -1 
(192, 130) -1 -1 -1 
(193, 98) -1 -1 -1 
(193, 100) -1 -1 -1 
(193, 102) -1 -1 -1 
(193, 105) -1 -1 -1 
(193, 107) -1 -1 -1 
(193, 108) -1 -1 -1 
(193, 109) -1 -1 -1 
(193, 110) -1 -1 -1 
(193, 111) -1 -1 -1 
(193, 112) -1 -1 -1 
(193, 113) -1 -1 -1 
(193, 127) -1 -1 -1 
(193, 128) -1 -1 -1 
(193, 129) -1 -1 -1 
(194, 103) -1 -1 -1 
(194, 105) -1 -1 -1 
(194, 107) -1 -1 -1 
(194, 108) -1 -1 -1 
(194, 109) -1 -1 -1 
(194, 110) -1 -1 -1 
(194, 111) -1 -1 -1 
(194, 112) -1 -1 -1 
(194, 127) -1 -1 -1 
(194, 128) -1 -1 -1 
(194, 129) -1 -1 -1 
(195, 97) -1 -1 -1 
(195, 99) -1 -1 -1 
(195, 101) -1 -1 -1 
(195, 106) -1 -1 -1 
(195, 107) -1 -1 -1 
(195, 108) -1 -1 -1 
(195, 109) -1 -1 -1 
(195, 110) -1 -1 -1 
(195, 111) -1 -1 -1 
(195, 112) -1 -1 -1 
(195, 126) -1 -1 -1 
(195, 127) -1 -1 -1 
(195, 128) -1 -1 -1 
(195, 129) -1 -1 -1 
(196, 97) -1 -1 -1 
(196, 104) -1 -1 -1 
(196, 106) -1 -1 -1 
(196, 107) -1 -1 -1 
(196, 108) -1 -1 -1 
(196, 109) -1 -1 -1 
(196, 110) -1 -1 -1 
(196, 111) -1 -1 -1 
(196, 112) -1 -1 -1 
(196, 126) -1 -1 -1 
(196, 127) -1 -1 -1 
(196, 128) -1 -1 -1 
(197, 96) -1 -1 -1 
(197, 98) -1 -1 -1 
(197, 100) -1 -1 -1 
(197, 102) -1 -1 -1 
(197, 105) -1 -1 -1 
(197, 106) -1 -1 -1 
(197, 107) -1 -1 -1 
(197, 108) -1 -1 -1 
(197, 109) -1 -1 -1 
(197, 110) -1 -1 -1 
(197, 111) -1 -1 -1 
(197, 126) -1 -1 -1 
(197, 127) -1 -1 -1 
(197, 128) -1 -1 -1 
(198, 96) -1 -1 -1 
(198, 98) -1 -1 -1 
(198, 100) -1 -1 -1 
(198, 103) -1 -1 -1 
(198, 105) -1 -1 -1 
(198, 106) -1 -1 -1 
(198, 107) -1 -1 -1 
(198, 108) -1 -1 -1 
(198, 109) -1 -1 -1 
(198, 110) -1 -1 -1 
(198, 111) -1 -1 -1 
(198, 126) -1 -1 -1 
(198, 127) -1 -1 -1 
(198, 128) -1 -1 -1 
(199, 101) -1 -1 -1 
(199, 103) -1 -1 -1 
(199, 105) -1 -1 -1 
(199, 106) -1 -1 -1 
(199, 107) -1 -1 -1 
(199, 108) -1 -1 -1 
(199, 109) -1 -1 -1 
(199, 110) -1 -1 -1 
(199, 111) -1 -1 -1 
(199, 125) -1 -1 -1 
(199, 126) -1 -1 -1 
(199, 127) -1 -1 -1 
(199, 128) -1 -1 -1 
(200, 95) -1 -1 -1 
(200, 97) -1 -1 -1 
(200, 99) -1 -1 -1 
(200, 101) -1 -1 -1 
(200, 104) -1 -1 -1 
(200, 105) -1 -1 -1 
(200, 106) -1 -1 -1 
(200, 107) -1 -1 -1 
(200, 108) -1 -1 -1 
(200, 109) -1 -1 -1 
(200, 110) -1 -1 -1 
(200, 125) -1 -1 -1 
(200, 126) -1 -1 -1 
(200, 127) -1 -1 -1 
(201, 95) -1 -1 -1 
(201, 97) -1 -1 -1 
(201, 102) -1 -1 -1 
(201, 104) -1 -1 -1 
(201, 105) -1 -1 -1 
(201, 106) -1 -1 -1 
(201, 107) -1 -1 -1 
(201, 108) -1 -1 -1 
(201, 109) -1 -1 -1 
(201, 110) -1 -1 -1 
(201, 125) -1 -1 -1 
(201, 126) -1 -1 -1 
(201, 127) -1 -1 -1 
(202, 94) -1 -1 -1 
(202, 96) -1 -1 -1 
(202, 98) -1 -1 -1 
(202, 100) -1 -1 -1 
(202, 102) -1 -1 -1 
(202, 104) -1 -1 -1 
(202, 105) -1 -1 -1 
(202, 106) -1 -1 -1 
(202, 107) -1 -1 -1 
(202, 108) -1 -1 -1 
(202, 109) -1 -1 -1 
(202, 110) -1 -1 -1 
(202, 124) -1 -1 -1 
(202, 125) -1 -1 -1 
(202, 126) -1 -1 -1 
(202, 127) -1 -1 -1 
(203, 94) -1 -1 -1 
(203, 96) -1 -1 -1 
(203, 98) -1 -1 -1 
(203, 103) -1 -1 -1 
(203, 104) -1 -1 -1 
(203, 105) -1 -1 -1 
(203, 106) -1 -1 -1 
(203, 107) -1 -1 -1 
(203, 108) -1 -1 -1 
(203, 109) -1 -1 -1 
(203, 124) -1 -1 -1 
(203, 125) -1 -1 -1 
(203, 126) -1 -1 -1 
(204, 99) -1 -1 -1 
(204, 101) -1 -1 -1 
(204, 103) -1 -1 -1 
(204, 104) -1 -1 -1 
(204, 105) -1 -1 -1 
(204, 106) -1 -1 -1 
(204, 107) -1 -1 -1 
(204, 108) -1 -1 -1 
(204, 109) -1 -1 -1 
(204, 124) -1 -1 -1 
(204, 125) -1 -1 -1 
(204, 126) -1 -1 -1 
(205, 93) -1 -1 -1 
(205, 95) -1 -1 -1 
(205, 97) -1 -1 -1 
(205, 99) -1 -1 -1 
(205, 102) -1 -1 -1 
(205, 103) -1 -1 -1 
(205, 104) -1 -1 -1 
(205, 105) -1 -1 -1 
(205, 106) -1 -1 -1 
(205, 107) -1 -1 -1 
(205, 108) -1 -1 -1 
(205, 123) -1 -1 -1 
(205, 124) -1 -1 -1 
(205, 125) -1 -1 -1 
(205, 126) -1 -1 -1 
(206, 93) -1 -1 -1 
(206, 95) -1 -1 -1 
(206, 100) -1 -1 -1 
(206, 102) -1 -1 -1 
(206, 103) -1 -1 -1 
(206, 104) -1 -1 -1 
(206, 105) -1 -1 -1 
(206, 106) -1 -1 -1 
(206, 107) -1 -1 -1 
(206, 108) -1 -1 -1 
(206, 123) -1 -1 -1 
(206, 124) -1 -1 -1 
(206, 125) -1 -1 -1 
(207, 92) -1 -1 -1 
(207, 94) -1 -1 -1 
(207, 96) -1 -1 -1 
(207, 98) -1 -1 -1 
(207, 100) -1 -1 -1 
(207, 102) -1 -1 -1 
(207, 103) -1 -1 -1 
(207, 104) -1 -1 -1 
(207, 105) -1 -1 -1 
(207, 106) -1 -1 -1 
(207, 107) -1 -1 -1 
(207, 108) -1 -1 -1 
(207, 123) -1 -1 -1 
(207, 124) -1 -1 -1 
(207, 125) -1 -1 -1 
(208, 92) -1 -1 -1 
(208, 94) -1 -1 -1 
(208, 96) -1 -1 -1 
(208, 101) -1 -1 -1 
(208, 102) -1 -1 -1 
(208, 103) -1 -1 -1 
(208, 104) -1 -1 -1 
(208, 105) -1 -1 -1 
(208, 106) -1 -1 -1 
(208, 107) -1 -1 -1 
(208, 122) -1 -1 -1 
(208, 123) -1 -1 -1 
(208, 124) -1 -1 -1 
(208, 125) -1 -1 -1 
(209, 97) -1 -1 -1 
(209, 99) -1 -1 -1 
(209, 101) -1 -1 -1 
(209, 102) -1 -1 -1 
(209, 103) -1 -1 -1 
(209, 104) -1 -1 -1 
(209, 105) -1 -1 -1 
(209, 106) -1 -1 -1 
(209, 107) -1 -1 -1 
(209, 122) -1 -1 -1 
(209, 123) -1 -1 -1 
(209, 124) -1 -1 -1 
(210, 91) -1 -1 -1 
(210, 93) -1 -1 -1 
(210, 95) -1 -1 -1 
(210, 97) -1 -1 -1 
(210, 101) -1 -1 -1 
(210, 102) -1 -1 -1 
(210, 103) -1 -1 -1 
(210, 104) -1 -1 -1 
(210, 105) -1 -1 -1 
(210, 106) -1 -1 -1 
(210, 107) -1 -1 -1 
(210, 122) -1 -1 -1 
(210, 123) -1 -1 -1 
(210, 124) -1 -1 -1 
(211, 91) -1 -1 -1 
(211, 93) -1 -1 -1 
(211, 100) -1 -1 -1 
(211, 101) -1 -1 -1 
(211, 102) -1 -1 -1 
(211, 103) -1 -1 -1 
(211, 104) -1 -1 -1 
(211, 105) -1 -1 -1 
(211, 106) -1 -1 -1 
(211, 121) -1 -1 -1 
(211, 122) -1 -1 -1 
(211, 123) -1 -1 -1 
(211, 124) -1 -1 -1 
(212, 90) -1 -1 -1 
(212, 94) -1 -1 -1 
(212, 96) -1 -1 -1 
(212, 98) -1 -1 -1 
(212, 100) -1 -1 -1 
(212, 101) -1 -1 -1 
(212, 102) -1 -1 -1 
(212, 103) -1 -1 -1 
(212, 104) -1 -1 -1 
(212, 105) -1 -1 -1 
(212, 106) -1 -1 -1 
(212, 121) -1 -1 -1 
(212, 122) -1 -1 -1 
(212, 123) -1 -1 -1 
(213, 90) -1 -1 -1 
(213, 92) -1 -1 -1 
(213, 94) -1 -1 -1 
(213, 96) -1 -1 -1 
(213, 99) -1 -1 -1 
(213, 100) -1 -1 -1 
(213, 101) -1 -1 -1 
(213, 102) -1 -1 -1 
(213, 103) -1 -1 -1 
(213, 104) -1 -1 -1 
(213, 105) -1 -1 -1 
(213, 106) -1 -1 -1 
(213, 121) -1 -1 -1 
(213, 122) -1 -1 -1 
(213, 123) -1 -1 -1 
(214, 97) -1 -1 -1 
(214, 99) -1 -1 -1 
(214, 100) -1 -1 -1 
(214, 101) -1 -1 -1 
(214, 102) -1 -1 -1 
(214, 103) -1 -1 -1 
(214, 104) -1 -1 -1 
(214, 105) -1 -1 -1 
(214, 120) -1 -1 -1 
(214, 121) -1 -1 -1 
(214, 122) -1 -1 -1 
(214, 123) -1 -1 -1 
(215, 89) -1 -1 -1 
(215, 91) -1 -1 -1 
(215, 93) -1 -1 -1 
(215, 95) -1 -1 -1 
(215, 97) -1 -1 -1 
(215, 99) -1 -1 -1 
(215, 100) -1 -1 -1 
(215, 101) -1 -1 -1 
(215, 102) -1 -1 -1 
(215, 103) -1 -1 -1 
(215, 104) -1 -1 -1 
(215, 105) -1 -1 -1 
(215, 120) -1 -1 -1 
(215, 121) -1 -1 -1 
(215, 122) -1 -1 -1 
(215, 123) -1 -1 -1 
(216, 89) -1 -1 -1 
(216, 91) -1 -1 -1 
(216, 93) -1 -1 -1 
(216, 98) -1 -1 -1 
(216, 99) -1 -1 -1 
(216, 100) -1 -1 -1 
(216, 101) -1 -1 -1 
(216, 102) -1 -1 -1 
(216, 103) -1 -1 -1 
(216, 104) -1 -1 -1 
(216, 105) -1 -1 -1 
(216, 120) -1 -1 -1 
(216, 121) -1 -1 -1 
(216, 122) -1 -1 -1 
(217, 88) -1 -1 -1 
(217, 89) -1 -1 -1 
(217, 94) -1 -1 -1 
(217, 96) -1 -1 -1 
(217, 98) -1 -1 -1 
(217, 99) -1 -1 -1 
(217, 100) -1 -1 -1 
(217, 101) -1 -1 -1 
(217, 102) -1 -1 -1 
(217, 103) -1 -1 -1 
(217, 104) -1 -1 -1 
(217, 119) -1 -1 -1 
(217, 120) -1 -1 -1 
(217, 121) -1 -1 -1 
(217, 122) -1 -1 -1 
(218, 88) -1 -1 -1 
(218, 89) -1 -1 -1 
(218, 90) -1 -1 -1 
(218, 92) -1 -1 -1 
(218, 94) -1 -1 -1 
(218, 98) -1 -1 -1 
(218, 99) -1 -1 -1 
(218, 100) -1 -1 -1 
(218, 101) -1 -1 -1 
(218, 102) -1 -1 -1 
(218, 103) -1 -1 -1 
(218, 104) -1 -1 -1 
(218, 119) -1 -1 -1 
(218, 120) -1 -1 -1 
(218, 121) -1 -1 -1 
(218, 122) -1 -1 -1 
(219, 88) -1 -1 -1 
(219, 89) -1 -1 -1 
(219, 90) -1 -1 -1 
(219, 95) -1 -1 -1 
(219, 97) -1 -1 -1 
(219, 98) -1 -1 -1 
(219, 99) -1 -1 -1 
(219, 100) -1 -1 -1 
(219, 101) -1 -1 -1 
(219, 102) -1 -1 -1 
(219, 103) -1 -1 -1 
(219, 119) -1 -1 -1 
(219, 120) -1 -1 -1 
(219, 121) -1 -1 -1 
(220, 87) -1 -1 -1 
(220, 88) -1 -1 -1 
(220, 89) -1 -1 -1 
(220, 90) -1 -1 -1 
(220, 91) -1 -1 -1 
(220, 93) -1 -1 -1 
(220, 95) -1 -1 -1 
(220, 97) -1 -1 -1 
(220, 98) -1 -1 -1 
(220, 99) -1 -1 -1 
(220, 100) -1 -1 -1 
(220, 101) -1 -1 -1 
(220, 102) -1 -1 -1 
(220, 103) -1 -1 -1 
(220, 118) -1 -1 -1 
(220, 119) -1 -1 -1 
(220, 120) -1 -1 -1 
(220, 121) -1 -1 -1 
(221, 87) -1 -1 -1 
(221, 88) -1 -1 -1 
(221, 89) -1 -1 -1 
(221, 90) -1 -1 -1 
(221, 91) -1 -1 -1 
(221, 96) -1 -1 -1 
(221, 97) -1 -1 -1 
(221, 98) -1 -1 -1 
(221, 99) -1 -1 -1 
(221, 100) -1 -1 -1 
(221, 101) -1 -1 -1 
(221, 102) -1 -1 -1 
(221, 103) -1 -1 -1 
(221, 118) -1 -1 -1 
(221, 119) -1 -1 -1 
(221, 120) -1 -1 -1 
(221, 121) -1 -1 -1 
(222, 86) -1 -1 -1 
(222, 87) -1 -1 -1 
(222, 88) -1 -1 -1 
(222, 89) -1 -1 -1 
(222, 90) -1 -1 -1 
(222, 92) -1 -1 -1 
(222, 94) -1 -1 -1 
(222, 96) -1 -1 -1 
(222, 97) -1 -1 -1 
(222, 98) -1 -1 -1 
(222, 99) -1 -1 -1 
(222, 100) -1 -1 -1 
(222, 101) -1 -1 -1 
(222, 102) -1 -1 -1 
(222, 118) -1 -1 -1 
(222, 119) -1 -1 -1 
(222, 120) -1 -1 -1 
(223, 86) -1 -1 -1 
(223, 87) -1 -1 -1 
(223, 88) -1 -1 -1 
(223, 89) -1 -1 -1 
(223, 90) -1 -1 -1 
(223, 92) -1 -1 -1 
(223, 94) -1 -1 -1 
(223, 96) -1 -1 -1 
(223, 97) -1 -1 -1 
(223, 98) -1 -1 -1 
(223, 99) -1 -1 -1 
(223, 100) -1 -1 -1 
(223, 101) -1 -1 -1 
(223, 102) -1 -1 -1 
(223, 117) -1 -1 -1 
(223, 118) -1 -1 -1 
(223, 119) -1 -1 -1 
(223, 120) -1 -1 -1 
(224, 86) -1 -1 -1 
(224, 87) -1 -1 -1 
(224, 88) -1 -1 -1 
(224, 89) -1 -1 -1 
(224, 90) -1 -1 -1 
(224, 95) -1 -1 -1 
(224, 96) -1 -1 -1 
(224, 97) -1 -1 -1 
(224, 98) -1 -1 -1 
(224, 99) -1 -1 -1 
(224, 100) -1 -1 -1 
(224, 101) -1 -1 -1 
(224, 102) -1 -1 -1 
(224, 117) -1 -1 -1 
(224, 118) -1 -1 -1 
(224, 119) -1 -1 -1 
(224, 120) -1 -1 -1 
(225, 86) -1 -1 -1 
(225, 87) -1 -1 -1 
(225, 88) -1 -1 -1 
(225, 89) -1 -1 -1 
(225, 90) -1 -1 -1 
(225, 91) -1 -1 -1 
(225, 93) -1 -1 -1 
(225, 95) -1 -1 -1 
(225, 96) -1 -1 -1 
(225, 97) -1 -1 -1 
(225, 98) -1 -1 -1 
(225, 99) -1 -1 -1 
(225, 100) -1 -1 -1 
(225, 101) -1 -1 -1 
(225, 117) -1 -1 -1 
(225, 118) -1 -1 -1 
(225, 119) -1 -1 -1 
(226, 85) 0 1 1 
(226, 86) -1 -1 -1 
(226, 87) -1 -1 -1 
(226, 88) -1 -1 -1 
(226, 89) -1 -1 -1 
(226, 90) -1 -1 -1 
(226, 91) -1 -1 -1 
(226, 95) -1 -1 -1 
(226, 96) -1 -1 -1 
(226, 97) -1 -1 -1 
(226, 98) -1 -1 -1 
(226, 99) -1 -1 -1 
(226, 100) -1 -1 -1 
(226, 101) -1 -1 -1 
(226, 117) -1 -1 -1 
(226, 118) -1 -1 -1 
(226, 119) -1 -1 -1 
(227, 83) 1 1 1 
(227, 86) -1 -1 -1 
(227, 87) -1 -1 -1 
(227, 88) -1 -1 -1 
(227, 89) -1 -1 -1 
(227, 90) -1 -1 -1 
(227, 91) -1 -1 -1 
(227, 92) -1 -1 -1 
(227, 94) -1 -1 -1 
(227, 95) -1 -1 -1 
(227, 96) -1 -1 -1 
(227, 97) -1 -1 -1 
(227, 98) -1 -1 -1 
(227, 99) -1 -1 -1 
(227, 100) -1 -1 -1 
(227, 101) -1 -1 -1 
(227, 116) -1 -1 -1 
(227, 117) -1 -1 -1 
(227, 118) -1 -1 -1 
(227, 119) -1 -1 -1 
(228, 82) 0 1 1 
(228, 87) -1 -1 -1 
(228, 88) -1 -1 -1 
(228, 89) -1 -1 -1 
(228, 90) -1 -1 -1 
(228, 91) -1 -1 -1 
(228, 92) -1 -1 -1 
(228, 94) -1 -1 -1 
(228, 95) -1 -1 -1 
(228, 96) -1 -1 -1 
(228, 97) -1 -1 -1 
(228, 98) -1 -1 -1 
(228, 99) -1 -1 -1 
(228, 100) -1 -1 -1 
(228, 116) -1 -1 -1 
(228, 117) -1 -1 -1 
(228, 118) -1 -1 -1 
(229, 82) 0 -1 -1 
(229, 87) -1 -1 -1 
(229, 88) -1 -1 -1 
(229, 89) -1 -1 -1 
(229, 90) -1 -1 -1 
(229, 91) -1 -1 -1 
(229, 93) -1 -1 -1 
(229, 94) -1 -1 -1 
(229, 95) -1 -1 -1 
(229, 96) -1 -1 -1 
(229, 97) -1 -1 -1 
(229, 98) -1 -1 -1 
(229, 99) -1 -1 -1 
(229, 100) -1 -1 -1 
(229, 116) -1 -1 -1 
(229, 117) -1 -1 -1 
(229, 118) -1 -1 -1 
(230, 75) -1 0 0 
(230, 78) 0 -1 -1 
(230, 82) 1 0 0 
(230, 84) 1 1 1 
(230, 86) 1 0 0 
(230, 87) -1 -1 -1 
(230, 88) -1 -1 -1 
(230, 89) -1 -1 -1 
(230, 90) -1 -1 -1 
(230, 91) -1 -1 -1 
(230, 93) -1 -1 -1 
(230, 94) -1 -1 -1 
(230, 95) -1 -1 -1 
(230, 96) -1 -1 -1 
(230, 97) -1 -1 -1 
(230, 98) -1 -1 -1 
(230, 99) -1 -1 -1 
(230, 100) -1 -1 -1 
(230, 115) -1 -1 -1 
(230, 116) -1 -1 -1 
(230, 117) -1 -1 -1 
(230, 118) -1 -1 -1 
(231, 77) 1 0 0 
(231, 78) -1 0 0 
(231, 79) 0 -1 -1 
(231, 81) -1 -1 -1 
(231, 83) 0 1 1 
(231, 86) -1 0 0 
(231, 87) -1 -1 -1 
(231, 88) -1 -1 -1 
(231, 89) -1 -1 -1 
(231, 90) -1 -1 -1 
(231, 91) -1 -1 -1 
(231, 92) -1 -1 -1 
(231, 93) -1 -1 -1 
(231, 94) -1 -1 -1 
(231, 95) -1 -1 -1 
(231, 96) -1 -1 -1 
(231, 97) -1 -1 -1 
(231, 98) -1 -1 -1 
(231, 99) -1 -1 -1 
(231, 115) -1 -1 -1 
(231, 116) -1 -1 -1 
(231, 117) -1 -1 -1 
(231, 118) -1 -1 -1 
(232, 76) 0 1 1 
(232, 77) 0 1 1 
(232, 79) -1 0 0 
(232, 80) 0 1 1 
(232, 81) 1 0 0 
(232, 85) -1 -1 -1 
(232, 86) -1 0 0 
(232, 87) -1 -1 -1 
(232, 88) -1 -1 -1 
(232, 89) -1 -1 -1 
(232, 90) -1 -1 -1 
(232, 91) -1 -1 -1 
(232, 92) -1 -1 -1 
(232, 93) -1 -1 -1 
(232, 94) -1 -1 -1 
(232, 95) -1 -1 -1 
(232, 96) -1 -1 -1 
(232, 97) -1 -1 -1 
(232, 98) -1 -1 -1 
(232, 99) -1 -1 -1 
(232, 115) -1 -1 -1 
(232, 116) -1 -1 -1 
(232, 117) -1 -1 -1 
(233, 75) 0 -1 -1 
(233, 76) -1 0 0 
(233, 77) 0 -1 -1 
(233, 83) 0 1 1 
(233, 85) 1 0 0 
(233, 86) 0 -1 -1 
(233, 88) -1 -1 -1 
(233, 89) -1 -1 -1 
(233, 90) -1 -1 -1 
(233, 91) -1 -1 -1 
(233, 92) -1 -1 -1 
(233, 93) -1 -1 -1 
(233, 94) -1 -1 -1 
(233, 95) -1 -1 -1 
(233, 96) -1 -1 -1 
(233, 97) -1 -1 -1 
(233, 98) -1 -1 -1 
(233, 99) -1 -1 -1 
(233, 114) -1 -1 -1 
(233, 115) -1 -1 -1 
(233, 116) -1 -1 -1 
(233, 117) -1 -1 -1 
(234, 76) 0 -1 -1 
(234, 77) -1 0 0 
(234, 78) 1 0 0 
(234, 79) 0 1 1 
(234, 81) 0 -1 -1 
(234, 83) 0 -1 -1 
(234, 84) 0 -1 -1 
(234, 86) 0 -1 -1 
(234, 87) 0 -1 -1 
(234, 88) -1 -1 -1 
(234, 89) -1 -1 -1 
(234, 90) -1 -1 -1 
(234, 91) -1 -1 -1 
(234, 92) -1 -1 -1 
(234, 93) -1 -1 -1 
(234, 94) -1 -1 -1 
(234, 95) -1 -1 -1 
(234, 96) -1 -1 -1 
(234, 97) -1 -1 -1 
(234, 98) -1 -1 -1 
(234, 99) -1 -1 -1 
(234, 114) -1 -1 -1 
(234, 115) -1 -1 -1 
(234, 116) -1 -1 -1 
(234, 117) -1 -1 -1 
(235, 76) -1 -1 -1 
(235, 78) -1 0 0 
(235, 81) 1 0 0 
(235, 83) 1 0 0 
(235, 86) -1 -1 -1 
(235, 87) 1 0 0 
(235, 88) -1 -1 -1 
(235, 89) -1 -1 -1 
(235, 90) -1 -1 -1 
(235, 91) -1 -1 -1 
(235, 92) -1 -1 -1 
(235, 93) -1 -1 -1 
(235, 94) -1 -1 -1 
(235, 95) -1 -1 -1 
(235, 96) -1 -1 -1 
(235, 97) -1 -1 -1 
(235, 98) -1 -1 -1 
(235, 99) -1 -1 -1 
(235, 100) -1 -1 -1 
(235, 114) -1 -1 -1 
(235, 115) -1 -1 -1 
(235, 116) -1 -1 -1 
(236, 78) 0 -1 -1 
(236, 79) 1 1 1 
(236, 84) 0 1 1 
(236, 86) 1 0 0 
(236, 88) -1 -1 -1 
(236, 89) -1 -1 -1 
(236, 90) -1 -1 -1 
(236, 91) -1 -1 -1 
(236, 92) -1 -1 -1 
(236, 93) -1 -1 -1 
(236, 94) -1 -1 -1 
(236, 95) -1 -1 -1 
(236, 96) -1 -1 -1 
(236, 97) -1 -1 -1 
(236, 98) -1 -1 -1 
(236, 99) -1 -1 -1 
(236, 100) -1 -1 -1 
(236, 113) -1 -1 -1 
(236, 114) -1 -1 -1 
(236, 115) -1 -1 -1 
(236, 116) -1 -1 -1 
(237, 78) 0 1 1 
(237, 80) 0 1 1 
(237, 81) 0 -1 -1 
(237, 82) -1 -1 -1 
(237, 87) 0 1 1 
(237, 88) -1 -1 -1 
(237, 89) -1 -1 -1 
(237, 90) -1 -1 -1 
(237, 91) -1 -1 -1 
(237, 92) -1 -1 -1 
(237, 93) -1 -1 -1 
(237, 94) -1 -1 -1 
(237, 95) -1 -1 -1 
(237, 96) -1 -1 -1 
(237, 97) -1 -1 -1 
(237, 98) -1 -1 -1 
(237, 99) -1 -1 -1 
(237, 100) -1 -1 -1 
(237, 113) -1 -1 -1 
(237, 114) -1 -1 -1 
(237, 115) -1 -1 -1 
(237, 116) -1 -1 -1 
(238, 76) -1 0 0 
(238, 77) -1 0 0 
(238, 80) 0 -1 -1 
(238, 82) 1 0 0 
(238, 84) 0 1 1 
(238, 86) 1 0 0 
(238, 88) -1 -1 -1 
(238, 89) -1 -1 -1 
(238, 90) -1 -1 -1 
(238, 91) -1 -1 -1 
(238, 92) -1 -1 -1 
(238, 93) -1 -1 -1 
(238, 94) -1 -1 -1 
(238, 95) -1 -1 -1 
(238, 96) -1 -1 -1 
(238, 97) -1 -1 -1 
(238, 98) -1 -1 -1 
(238, 99) -1 -1 -1 
(238, 100) -1 -1 -1 
(238, 113) -1 -1 -1 
(238, 114) -1 -1 -1 
(238, 115) -1 -1 -1 
(239, 76) 0 -1 -1 
(239, 78) 1 1 1 
(239, 80) 0 -1 -1 
(239, 84) 0 -1 -1 
(239, 85) 0 -1 -1 
(239, 87) 1 1 1 
(239, 89) -1 -1 -1 
(239, 90) -1 -1 -1 
(239, 91) -1 -1 -1 
(239, 92) -1 -1 -1 
(239, 93) -1 -1 -1 
(239, 94) -1 -1 -1 
(239, 95) -1 -1 -1 
(239, 96) -1 -1 -1 
(239, 97) -1 -1 -1 
(239, 98) -1 -1 -1 
(239, 99) -1 -1 -1 
(239, 100) -1 -1 -1 
(239, 112) -1 -1 -1 
(239, 113) -1 -1 -1 
(239, 114) -1 -1 -1 
(239, 115) -1 -1 -1 
(240, 78) 0 1 1 
(240, 80) -1 0 0 
(240, 82) 0 -1 -1 
(240, 83) 0 1 1 
(240, 84) 0 -1 -1 
(240, 87) 0 1 1 
(240, 89) -1 -1 -1 
(240, 90) -1 -1 -1 
(240, 91) -1 -1 -1 
(240, 92) -1 -1 -1 
(240, 93) -1 -1 -1 
(240, 94) -1 -1 -1 
(240, 95) -1 -1 -1 
(240, 96) -1 -1 -1 
(240, 97) -1 -1 -1 
(240, 98) -1 -1 -1 
(240, 99) -1 -1 -1 
(240, 100) -1 -1 -1 
(240, 112) -1 -1 -1 
(240, 113) -1 -1 -1 
(240, 114) -1 -1 -1 
(240, 115) -1 -1 -1 
(241, 82) 1 1 1 
(241, 88) 1 0 0 
(241, 89) -1 -1 -1 
(241, 90) -1 -1 -1 
(241, 91) -1 -1 -1 
(241, 92) -1 -1 -1 
(241, 93) -1 -1 -1 
(241, 94) -1 -1 -1 
(241, 95) -1 -1 -1 
(241, 96) -1 -1 -1 
(241, 97) -1 -1 -1 
(241, 98) -1 -1 -1 
(241, 99) -1 -1 -1 
(241, 100) -1 -1 -1 
(241, 112) -1 -1 -1 
(241, 113) -1 -1 -1 
(241, 114) -1 -1 -1 
(242, 77) 0 -1 -1 
(242, 78) 0 -1 -1 
(242, 83) -1 0 0 
(242, 87) -1 0 0 
(242, 88) 0 1 1 
(242, 89) -1 -1 -1 
(242, 90) -1 -1 -1 
(242, 91) -1 -1 -1 
(242, 92) -1 -1 -1 
(242, 93) -1 -1 -1 
(242, 94) -1 -1 -1 
(242, 95) -1 -1 -1 
(242, 96) -1 -1 -1 
(242, 97) -1 -1 -1 
(242, 98) -1 -1 -1 
(242, 99) -1 -1 -1 
(242, 100) -1 -1 -1 
(242, 111) -1 -1 -1 
(242, 112) -1 -1 -1 
(242, 113) -1 -1 -1 
(242, 114) -1 -1 -1 
(243, 85) 0 1 1 
(243, 89) -1 -1 -1 
(243, 90) -1 -1 -1 
(243, 91) -1 -1 -1 
(243, 92) -1 -1 -1 
(243, 93) -1 -1 -1 
(243, 94) -1 -1 -1 
(243, 95) -1 -1 -1 
(243, 96) -1 -1 -1 
(243, 97) -1 -1 -1 
(243, 98) -1 -1 -1 
(243, 99) -1 -1 -1 
(243, 100) -1 -1 -1 
(243, 101) -1 -1 -1 
(243, 111) -1 -1 -1 
(243, 112) -1 -1 -1 
(243, 113) -1 -1 -1 
(243, 114) -1 -1 -1 
(244, 77) -1 0 0 
(244, 79) 1 0 0 
(244, 81) 0 -1 -1 
(244, 82) 0 -1 -1 
(244, 90) -1 -1 -1 
(244, 91) -1 -1 -1 
(244, 92) -1 -1 -1 
(244, 93) -1 -1 -1 
(244, 94) -1 -1 -1 
(244, 95) -1 -1 -1 
(244, 96) -1 -1 -1 
(244, 97) -1 -1 -1 
(244, 98) -1 -1 -1 
(244, 99) -1 -1 -1 
(244, 100) -1 -1 -1 
(244, 101) -1 -1 -1 
(244, 111) -1 -1 -1 
(244, 112) -1 -1 -1 
(244, 113) -1 -1 -1 
(245, 77) -1 0 0 
(245, 79) 0 1 1 
(245, 82) -1 -1 -1 
(245, 84) 0 1 1 
(245, 85) 0 -1 -1 
(245, 86) 0 1 1 
(245, 89) 0 -1 -1 
(245, 90) -1 -1 -1 
(245, 91) -1 -1 -1 
(245, 92) -1 -1 -1 
(245, 93) -1 -1 -1 
(245, 94) -1 -1 -1 
(245, 95) -1 -1 -1 
(245, 96) -1 -1 -1 
(245, 97) -1 -1 -1 
(245, 98) -1 -1 -1 
(245, 99) -1 -1 -1 
(245, 100) -1 -1 -1 
(245, 101) -1 -1 -1 
(245, 110) -1 -1 -1 
(245, 111) -1 -1 -1 
(245, 112) -1 -1 -1 
(245, 113) -1 -1 -1 
(246, 79) -1 0 0 
(246, 80) 0 1 1 
(246, 81) -1 0 0 
(246, 82) 0 1 1 
(246, 83) 0 1 1 
(246, 86) 1 0 0 
(246, 89) 1 0 0 
(246, 90) -1 -1 -1 
(246, 91) -1 -1 -1 
(246, 92) -1 -1 -1 
(246, 93) -1 -1 -1 
(246, 94) -1 -1 -1 
(246, 95) -1 -1 -1 
(246, 96) -1 -1 -1 
(246, 97) -1 -1 -1 
(246, 98) -1 -1 -1 
(246, 99) -1 -1 -1 
(246, 100) -1 -1 -1 
(246, 101) -1 -1 -1 
(246, 110) -1 -1 -1 
(246, 111) -1 -1 -1 
(246, 112) -1 -1 -1 
(246, 113) -1 -1 -1 
(247, 83) 0 1 1 
(247, 89) -1 0 0 
(247, 90) -1 -1 -1 
(247, 91) -1 -1 -1 
(247, 92) -1 -1 -1 
(247, 93) -1 -1 -1 
(247, 94) -1 -1 -1 
(247, 95) -1 -1 -1 
(247, 96) -1 -1 -1 
(247, 97) -1 -1 -1 
(247, 98) -1 -1 -1 
(247, 99) -1 -1 -1 
(247, 100) -1 -1 -1 
(247, 101) -1 -1 -1 
(247, 110) -1 -1 -1 
(247, 111) -1 -1 -1 
(247, 112) -1 -1 -1 
(247, 113) -1 -1 -1 
(248, 78) -1 0 0 
(248, 81) 0 -1 -1 
(248, 82) 1 0 0 
(248, 85) 0 1 1 
(248, 86) 0 1 1 
(248, 87) -1 -1 -1 
(248, 89) -1 0 0 
(248, 90) -1 -1 -1 
(248, 91) -1 -1 -1 
(248, 92) -1 -1 -1 
(248, 93) -1 -1 -1 
(248, 94) -1 -1 -1 
(248, 95) -1 -1 -1 
(248, 96) -1 -1 -1 
(248, 97) -1 -1 -1 
(248, 98) -1 -1 -1 
(248, 99) -1 -1 -1 
(248, 100) -1 -1 -1 
(248, 101) -1 -1 -1 
(248, 109) -1 -1 -1 
(248, 110) -1 -1 -1 
(248, 111) -1 -1 -1 
(248, 112) -1 -1 -1 
(249, 78) -1 0 0 
(249, 80) 1 0 0 
(249, 86) -1 0 0 
(249, 89) 0 -1 -1 
(249, 90) -1 -1 -1 
(249, 91) -1 -1 -1 
(249, 92) -1 -1 -1 
(249, 93) -1 -1 -1 
(249, 94) -1 -1 -1 
(249, 95) -1 -1 -1 
(249, 96) -1 -1 -1 
(249, 97) -1 -1 -1 
(249, 98) -1 -1 -1 
(249, 99) -1 -1 -1 
(249, 100) -1 -1 -1 
(249, 101) -1 -1 -1 
(249, 109) -1 -1 -1 
(249, 110) -1 -1 -1 
(249, 111) -1 -1 -1 
(249, 112) -1 -1 -1 
(250, 80) 0 -1 -1 
(250, 81) 1 0 0 
(250, 84) 0 1 1 
(250, 85) 0 1 1 
(250, 86) 0 -1 -1 
(250, 87) 0 1 1 
(250, 89) 0 -1 -1 
(250, 91) -1 -1 -1 
(250, 92) -1 -1 -1 
(250, 93) -1 -1 -1 
(250, 94) -1 -1 -1 
(250, 95) -1 -1 -1 
(250, 96) -1 -1 -1 
(250, 97) -1 -1 -1 
(250, 98) -1 -1 -1 
(250, 99) -1 -1 -1 
(250, 100) -1 -1 -1 
(250, 101) -1 -1 -1 
(250, 109) -1 -1 -1 
(250, 110) -1 -1 -1 
(250, 111) -1 -1 -1 
(250, 112) -1 -1 -1 
(251, 81) -1 -1 -1 
(251, 83) 0 -1 -1 
(251, 84) -1 -1 -1 
(251, 85) 1 1 1 
(251, 87) 1 0 0 
(251, 89) -1 -1 -1 
(251, 91) -1 -1 -1 
(251, 92) -1 -1 -1 
(251, 93) -1 -1 -1 
(251, 94) -1 -1 -1 
(251, 95) -1 -1 -1 
(251, 96) -1 -1 -1 
(251, 97) -1 -1 -1 
(251, 98) -1 -1 -1 
(251, 99) -1 -1 -1 
(251, 100) -1 -1 -1 
(251, 101) -1 -1 -1 
(251, 102) -1 -1 -1 
(251, 108) -1 -1 -1 
(251, 109) -1 -1 -1 
(251, 110) -1 -1 -1 
(251, 111) -1 -1 -1 
(252, 80) -1 0 0 
(252, 82) 0 1 1 
(252, 91) -1 -1 -1 
(252, 92) -1 -1 -1 
(252, 93) -1 -1 -1 
(252, 94) -1 -1 -1 
(252, 95) -1 -1 -1 
(252, 96) -1 -1 -1 
(252, 97) -1 -1 -1 
(252, 98) -1 -1 -1 
(252, 99) -1 -1 -1 
(252, 100) -1 -1 -1 
(252, 101) -1 -1 -1 
(252, 102) -1 -1 -1 
(252, 108) -1 -1 -1 
(252, 109) -1 -1 -1 
(252, 110) -1 -1 -1 
(252, 111) -1 -1 -1 
(253, 81) 0 1 1 
(253, 85) 0 -1 -1 
(253, 87) 0 1 1 
(253, 88) -1 -1 -1 
(253, 89) -1 -1 -1 
(253, 90) 0 1 1 
(253, 91) -1 -1 -1 
(253, 92) -1 -1 -1 
(253, 93) -1 -1 -1 
(253, 94) -1 -1 -1 
(253, 95) -1 -1 -1 
(253, 96) -1 -1 -1 
(253, 97) -1 -1 -1 
(253, 98) -1 -1 -1 
(253, 99) -1 -1 -1 
(253, 100) -1 -1 -1 
(253, 101) -1 -1 -1 
(253, 102) -1 -1 -1 
(253, 108) -1 -1 -1 
(253, 109) -1 -1 -1 
(253, 110) -1 -1 -1 
(253, 111) -1 -1 -1 
(254, 82) -1 0 0 
(254, 85) 1 0 0 
(254, 87) -1 0 0 
(254, 88) 0 1 1 
(254, 89) 0 -1 -1 
(254, 91) -1 -1 -1 
(254, 92) -1 -1 -1 
(254, 93) -1 -1 -1 
(254, 94) -1 -1 -1 
(254, 95) -1 -1 -1 
(254, 96) -1 -1 -1 
(254, 97) -1 -1 -1 
(254, 98) -1 -1 -1 
(254, 99) -1 -1 -1 
(254, 100) -1 -1 -1 
(254, 101) -1 -1 -1 
(254, 102) -1 -1 -1 
(254, 108) -1 -1 -1 
(254, 109) -1 -1 -1 
(254, 110) -1 -1 -1 
(255, 82) 0 -1 -1 
(255, 83) -1 0 0 
(255, 84) -1 0 0 
(255, 86) 0 -1 -1 
(255, 88) 0 1 1 
(255, 90) 1 1 1 
(255, 92) -1 -1 -1 
(255, 93) -1 -1 -1 
(255, 94) -1 -1 -1 
(255, 95) -1 -1 -1 
(255, 96) -1 -1 -1 
(255, 97) -1 -1 -1 
(255, 98) -1 -1 -1 
(255, 99) -1 -1 -1 
(255, 100) -1 -1 -1 
(255, 101) -1 -1 -1 
(255, 102) -1 -1 -1 
(255, 107) -1 -1 -1 
(255, 108) -1 -1 -1 
(255, 109) -1 -1 -1 
(255, 110) -1 -1 -1 
